1 0.46677215189873417 0.548728813559322 0.29430379746835444 0.3855932203389831
0 0.4651898734177215 0.5233050847457628 0.6329113924050633 0.7838983050847458
2 0.2310126582278481 0.423728813559322 0.06329113924050633 0.1864406779661017
2 0.31329113924050633 0.2563559322033898 0.0759493670886076 0.08898305084745763
2 0.4430379746835443 0.2076271186440678 0.1518987341772152 0.0847457627118644
2 0.7231012658227848 0.5635593220338984 0.07278481012658228 0.288135593220339
2 0.6993670886075949 0.3792372881355932 0.0759493670886076 0.13135593220338984
2 0.5664556962025317 0.21610169491525424 0.10126582278481013 0.0847457627118644
2 0.6281645569620253 0.8135593220338984 0.08544303797468354 0.09322033898305085
2 0.4699367088607595 0.8834745762711864 0.2120253164556962 0.038135593220338986
2 0.2958860759493671 0.8516949152542372 0.0981012658227848 0.0423728813559322