1 0.4624183006535948 0.4543478260869565 0.30392156862745096 0.39565217391304347
0 0.46078431372549017 0.48043478260869565 0.6535947712418301 0.8043478260869565
2 0.21895424836601307 0.5826086956521739 0.06535947712418301 0.19130434782608696
2 0.30392156862745096 0.7543478260869565 0.0784313725490196 0.09130434782608696
2 0.43790849673202614 0.8043478260869565 0.1568627450980392 0.08695652173913043
2 0.7271241830065359 0.4391304347826087 0.07516339869281045 0.2956521739130435
2 0.7026143790849673 0.6282608695652174 0.0784313725490196 0.13478260869565217
2 0.565359477124183 0.7956521739130434 0.10457516339869281 0.08695652173913043
2 0.6290849673202614 0.1826086956521739 0.08823529411764706 0.09565217391304348
2 0.46568627450980393 0.1108695652173913 0.21895424836601307 0.0391304347826087
2 0.28594771241830064 0.14347826086956522 0.10130718954248366 0.043478260869565216