1 0.5155172413793103 0.4059633027522936 0.32068965517241377 0.41743119266055045
0 0.5172413793103449 0.4334862385321101 0.6896551724137931 0.8486238532110092
2 0.7724137931034483 0.5412844036697247 0.06896551724137931 0.2018348623853211
2 0.6827586206896552 0.7224770642201835 0.08275862068965517 0.0963302752293578
2 0.5413793103448276 0.7752293577981652 0.16551724137931034 0.09174311926605505
2 0.23620689655172414 0.38990825688073394 0.07931034482758621 0.3119266055045872
2 0.2620689655172414 0.5894495412844036 0.08275862068965517 0.14220183486238533
2 0.4068965517241379 0.7660550458715596 0.1103448275862069 0.09174311926605505
2 0.3396551724137931 0.11926605504587157 0.09310344827586207 0.10091743119266056
2 0.5120689655172413 0.04357798165137615 0.23103448275862068 0.04128440366972477
2 0.7017241379310345 0.0779816513761468 0.10689655172413794 0.045871559633027525