1 0.48175182481751827 0.42475728155339804 0.39416058394160586 0.5388349514563107
0 0.48905109489051096 0.48058252427184467 0.781021897810219 0.9320388349514563
2 0.7463503649635036 0.48058252427184467 0.06934306569343066 0.3592233009708738
2 0.677007299270073 0.7135922330097088 0.06204379562043796 0.10679611650485436
2 0.5091240875912408 0.7694174757281553 0.2737226277372263 0.0825242718446602
2 0.7098540145985401 0.23300970873786409 0.06204379562043796 0.11650485436893204
2 0.6532846715328468 0.15048543689320387 0.12408759124087591 0.05825242718446602
2 0.3248175182481752 0.6966019417475728 0.058394160583941604 0.13106796116504854
2 0.2718978102189781 0.5485436893203883 0.05474452554744526 0.22330097087378642
2 0.2755474452554745 0.35436893203883496 0.032846715328467155 0.14563106796116504
2 0.5346715328467153 0.13106796116504854 0.10583941605839416 0.02912621359223301