1 0.4798657718120805 0.6193693693693694 0.3624161073825503 0.5
0 0.47315436241610737 0.5675675675675675 0.7181208053691275 0.8648648648648649
2 0.23657718120805368 0.5675675675675675 0.06375838926174497 0.3333333333333333
2 0.30033557046979864 0.35135135135135137 0.05704697986577181 0.0990990990990991
2 0.4546979865771812 0.29954954954954954 0.2516778523489933 0.07657657657657657
2 0.2701342281879195 0.7972972972972973 0.05704697986577181 0.10810810810810811
2 0.3221476510067114 0.8738738738738738 0.11409395973154363 0.05405405405405406
2 0.6241610738255033 0.36711711711711714 0.053691275167785234 0.12162162162162163
2 0.6728187919463087 0.5045045045045045 0.050335570469798654 0.2072072072072072
2 0.6694630872483222 0.6846846846846847 0.030201342281879196 0.13513513513513514
2 0.4312080536912752 0.8918918918918919 0.09731543624161074 0.02702702702702703