1 0.5174825174825175 0.6658878504672897 0.3776223776223776 0.5186915887850467
0 0.5244755244755245 0.5817757009345794 0.7482517482517482 0.8364485981308412
2 0.7709790209790209 0.6121495327102804 0.06643356643356643 0.34579439252336447
2 0.7045454545454546 0.3878504672897196 0.05944055944055944 0.102803738317757
2 0.5437062937062938 0.3341121495327103 0.26223776223776224 0.0794392523364486
2 0.736013986013986 0.8504672897196262 0.05944055944055944 0.11214953271028037
2 0.6818181818181818 0.9299065420560748 0.11888111888111888 0.056074766355140186
2 0.36713286713286714 0.40420560747663553 0.055944055944055944 0.1261682242990654
2 0.31643356643356646 0.5467289719626168 0.05244755244755245 0.21495327102803738
2 0.31993006993006995 0.7336448598130841 0.03146853146853147 0.14018691588785046
2 0.5681818181818182 0.9485981308411215 0.10139860139860139 0.028037383177570093