1 0.44339622641509435 0.4474789915966387 0.23270440251572327 0.3067226890756303
0 0.4308176100628931 0.43907563025210083 0.6540880503144654 0.7941176470588235
2 0.7122641509433962 0.40756302521008403 0.0220125786163522 0.25210084033613445
2 0.6682389937106918 0.3235294117647059 0.03459119496855346 0.1092436974789916
2 0.6226415094339622 0.23739495798319327 0.050314465408805034 0.07142857142857142
2 0.6713836477987422 0.226890756302521 0.040880503144654086 0.06722689075630252
2 0.5849056603773585 0.13445378151260504 0.10062893081761007 0.06722689075630252
2 0.43238993710691825 0.09453781512605042 0.1918238993710692 0.0546218487394958
2 0.29559748427672955 0.10504201680672269 0.06289308176100629 0.025210084033613446
2 0.2389937106918239 0.16176470588235295 0.0440251572327044 0.06302521008403361
2 0.16352201257861634 0.4642857142857143 0.025157232704402517 0.13865546218487396
2 0.20125786163522014 0.6512605042016807 0.031446540880503145 0.04201680672268908