1 0.5369127516778524 0.4436936936936937 0.2483221476510067 0.32882882882882886
0 0.5503355704697986 0.4346846846846847 0.697986577181208 0.8513513513513513
2 0.25 0.4009009009009009 0.02348993288590604 0.2702702702702703
2 0.29697986577181207 0.3108108108108108 0.03691275167785235 0.11711711711711711
2 0.34563758389261745 0.21846846846846846 0.053691275167785234 0.07657657657657657
2 0.2936241610738255 0.2072072072072072 0.0436241610738255 0.07207207207207207
2 0.3859060402684564 0.10810810810810811 0.10738255033557047 0.07207207207207207
2 0.5486577181208053 0.06531531531531531 0.20469798657718122 0.05855855855855856
2 0.6946308724832215 0.07657657657657657 0.06711409395973154 0.02702702702702703
2 0.7550335570469798 0.1373873873873874 0.04697986577181208 0.06756756756756757
2 0.8355704697986577 0.4617117117117117 0.026845637583892617 0.14864864864864866
2 0.7953020134228188 0.6621621621621622 0.03355704697986577 0.04504504504504504