1 0.5548387096774193 0.42887931034482757 0.23870967741935484 0.3146551724137931
0 0.567741935483871 0.4202586206896552 0.6709677419354839 0.8146551724137931
2 0.27903225806451615 0.3879310344827586 0.02258064516129032 0.25862068965517243
2 0.3241935483870968 0.3017241379310345 0.035483870967741936 0.11206896551724138
2 0.3709677419354839 0.21336206896551724 0.05161290322580645 0.07327586206896551
2 0.3209677419354839 0.2025862068965517 0.041935483870967745 0.06896551724137931
2 0.4096774193548387 0.10775862068965517 0.1032258064516129 0.06896551724137931
2 0.5661290322580645 0.0668103448275862 0.1967741935483871 0.05603448275862069
2 0.7064516129032258 0.07758620689655173 0.06451612903225806 0.02586206896551724
2 0.7645161290322581 0.13577586206896552 0.04516129032258064 0.06465517241379311
2 0.8419354838709677 0.44612068965517243 0.025806451612903226 0.14224137931034483
2 0.8032258064516129 0.6379310344827587 0.03225806451612903 0.04310344827586207