1 0.4625 0.569047619047619 0.31785714285714284 0.4142857142857143
0 0.44642857142857145 0.5238095238095238 0.7785714285714286 0.9238095238095239
2 0.19464285714285715 0.8452380952380952 0.04642857142857143 0.11904761904761904
2 0.1392857142857143 0.7119047619047619 0.06428571428571428 0.10952380952380952
2 0.11428571428571428 0.5428571428571428 0.02857142857142857 0.18095238095238095
2 0.14821428571428572 0.3952380952380952 0.039285714285714285 0.10476190476190476
2 0.1875 0.29523809523809524 0.06785714285714285 0.08571428571428572
2 0.2517857142857143 0.22380952380952382 0.04642857142857143 0.047619047619047616
2 0.35714285714285715 0.1380952380952381 0.16428571428571428 0.0761904761904762
2 0.5339285714285714 0.15 0.13214285714285715 0.06190476190476191
2 0.6678571428571428 0.26666666666666666 0.12142857142857143 0.11428571428571428
2 0.7517857142857143 0.4357142857142857 0.06785714285714285 0.10952380952380952