1 0.46631205673758863 0.45476190476190476 0.31560283687943264 0.4142857142857143
0 0.450354609929078 0.5 0.7730496453900709 0.9238095238095239
2 0.20035460992907803 0.17857142857142858 0.04609929078014184 0.11904761904761904
2 0.1453900709219858 0.3119047619047619 0.06382978723404255 0.10952380952380952
2 0.12056737588652482 0.48095238095238096 0.028368794326241134 0.18095238095238095
2 0.15425531914893617 0.6285714285714286 0.03900709219858156 0.10476190476190476
2 0.19326241134751773 0.7285714285714285 0.0673758865248227 0.08571428571428572
2 0.2570921985815603 0.8 0.04609929078014184 0.047619047619047616
2 0.3617021276595745 0.8857142857142857 0.16312056737588654 0.0761904761904762
2 0.5372340425531915 0.8738095238095238 0.13120567375886524 0.06190476190476191
2 0.6702127659574468 0.7571428571428571 0.12056737588652482 0.11428571428571428
2 0.7535460992907801 0.5880952380952381 0.0673758865248227 0.10952380952380952