1 0.5018248175182481 0.33737864077669905 0.3248175182481752 0.4223300970873786
0 0.5182481751824818 0.42718446601941745 0.7956204379562044 0.8543689320388349
2 0.7755474452554745 0.05825242718446602 0.04744525547445255 0.11650485436893204
2 0.8321167883211679 0.19174757281553398 0.06569343065693431 0.11165048543689321
2 0.8576642335766423 0.3640776699029126 0.029197080291970802 0.18446601941747573
2 0.822992700729927 0.5145631067961165 0.040145985401459854 0.10679611650485436
2 0.7828467153284672 0.616504854368932 0.06934306569343066 0.08737864077669903
2 0.7171532846715328 0.6893203883495146 0.04744525547445255 0.04854368932038835
2 0.6094890510948905 0.7766990291262136 0.1678832116788321 0.07766990291262135
2 0.42883211678832117 0.7645631067961165 0.13503649635036497 0.06310679611650485
2 0.291970802919708 0.6456310679611651 0.12408759124087591 0.11650485436893204
2 0.2062043795620438 0.4733009708737864 0.06934306569343066 0.11165048543689321