1 0.3275316455696203 0.576271186440678 0.2689873417721519 0.3559322033898305
0 0.3322784810126582 0.5233050847457628 0.6645569620253164 0.7754237288135594
2 0.07436708860759493 0.6228813559322034 0.028481012658227847 0.288135593220339
2 0.10284810126582279 0.4088983050847458 0.03481012658227848 0.13983050847457626
2 0.058544303797468354 0.3961864406779661 0.03481012658227848 0.1059322033898305
2 0.02689873417721519 0.5889830508474576 0.04746835443037975 0.2288135593220339
2 0.5395569620253164 0.3771186440677966 0.05379746835443038 0.11864406779661017
2 0.47151898734177217 0.3029661016949153 0.05063291139240506 0.08050847457627118
2 0.49841772151898733 0.2669491525423729 0.04113924050632911 0.07627118644067797
2 0.3212025316455696 0.2055084745762712 0.2626582278481013 0.07203389830508475
2 0.16930379746835442 0.2944915254237288 0.060126582278481014 0.08050847457627118