1 0.30833333333333335 0.5796460176991151 0.2833333333333333 0.37168141592920356
0 0.33166666666666667 0.5243362831858407 0.6633333333333333 0.8097345132743363
2 0.041666666666666664 0.6283185840707964 0.03 0.3008849557522124
2 0.07166666666666667 0.40486725663716816 0.03666666666666667 0.14601769911504425
2 0.025 0.3915929203539823 0.03666666666666667 0.11061946902654868
2 0.008333333333333333 0.5929203539823009 0.016666666666666666 0.23893805309734514
2 0.5316666666666666 0.37168141592920356 0.056666666666666664 0.12389380530973451
2 0.46 0.2942477876106195 0.05333333333333334 0.084070796460177
2 0.48833333333333334 0.25663716814159293 0.043333333333333335 0.07964601769911504
2 0.3016666666666667 0.19247787610619468 0.27666666666666667 0.0752212389380531
2 0.14166666666666666 0.2853982300884956 0.06333333333333334 0.084070796460177