1 0.6834415584415584 0.43043478260869567 0.275974025974026 0.3652173913043478
0 0.6688311688311688 0.48478260869565215 0.6623376623376623 0.7956521739130434
2 0.9431818181818182 0.3826086956521739 0.02922077922077922 0.2956521739130435
2 0.913961038961039 0.6021739130434782 0.03571428571428571 0.14347826086956522
2 0.9594155844155844 0.6152173913043478 0.03571428571428571 0.10869565217391304
2 0.9837662337662337 0.41739130434782606 0.032467532467532464 0.23478260869565218
2 0.4659090909090909 0.6347826086956522 0.05519480519480519 0.12173913043478261
2 0.5357142857142857 0.7108695652173913 0.05194805194805195 0.08260869565217391
2 0.5081168831168831 0.7478260869565218 0.04220779220779221 0.0782608695652174
2 0.689935064935065 0.8108695652173913 0.2694805194805195 0.07391304347826087
2 0.8457792207792207 0.7195652173913043 0.06168831168831169 0.08260869565217391