1 0.6517241379310345 0.3555045871559633 0.2413793103448276 0.3073394495412844
0 0.6448275862068965 0.4151376146788991 0.7103448275862069 0.8302752293577982
2 0.3431034482758621 0.26146788990825687 0.03103448275862069 0.1651376146788991
2 0.31896551724137934 0.4105504587155963 0.02413793103448276 0.0779816513761468
2 0.36724137931034484 0.518348623853211 0.05862068965517241 0.12844036697247707
2 0.44655172413793104 0.6169724770642202 0.08620689655172414 0.18807339449541285
2 0.6551724137931034 0.7087155963302753 0.27586206896551724 0.05045871559633028
2 0.6327586206896552 0.7752293577981652 0.2517241379310345 0.07339449541284404
2 0.8327586206896552 0.6605504587155964 0.05172413793103448 0.10091743119266056
2 0.9775862068965517 0.29357798165137616 0.03103448275862069 0.1926605504587156
2 0.9758620689655172 0.481651376146789 0.041379310344827586 0.12844036697247707
2 0.9327586206896552 0.6146788990825688 0.06551724137931035 0.10091743119266056
2 0.8862068965517241 0.658256880733945 0.027586206896551724 0.06880733944954129