1 0.390625 0.36875 0.21875 0.2791666666666667
0 0.38125 0.4166666666666667 0.675 0.7666666666666667
2 0.6703125 0.2833333333333333 0.028125 0.15
2 0.6921875 0.41875 0.021875 0.07083333333333333
2 0.6484375 0.5166666666666667 0.053125 0.11666666666666667
2 0.5765625 0.60625 0.078125 0.17083333333333334
2 0.3875 0.6895833333333333 0.25 0.04583333333333333
2 0.4078125 0.75 0.228125 0.06666666666666667
2 0.2265625 0.6458333333333334 0.046875 0.09166666666666666
2 0.0953125 0.3125 0.028125 0.175
2 0.096875 0.48333333333333334 0.0375 0.11666666666666667
2 0.1359375 0.6041666666666666 0.059375 0.09166666666666666
2 0.178125 0.64375 0.025 0.0625