1 0.6298701298701299 0.35 0.22727272727272727 0.29130434782608694
0 0.6396103896103896 0.4 0.7012987012987013 0.8
2 0.3392857142857143 0.2608695652173913 0.02922077922077922 0.1565217391304348
2 0.31655844155844154 0.40217391304347827 0.022727272727272728 0.07391304347826087
2 0.362012987012987 0.5043478260869565 0.05519480519480519 0.12173913043478261
2 0.4366883116883117 0.5978260869565217 0.08116883116883117 0.1782608695652174
2 0.6331168831168831 0.6847826086956522 0.2597402597402597 0.04782608695652174
2 0.612012987012987 0.7478260869565218 0.237012987012987 0.06956521739130435
2 0.8003246753246753 0.6391304347826087 0.048701298701298704 0.09565217391304348
2 0.9366883116883117 0.29130434782608694 0.02922077922077922 0.1826086956521739
2 0.935064935064935 0.46956521739130436 0.03896103896103896 0.12173913043478261
2 0.8944805194805194 0.5956521739130435 0.06168831168831169 0.09565217391304348
2 0.8506493506493507 0.6369565217391304 0.025974025974025976 0.06521739130434782