1 0.3586206896551724 0.6146788990825688 0.3793103448275862 0.5045871559633027
0 0.3706896551724138 0.5160550458715596 0.7413793103448276 0.7935779816513762
2 0.6586206896551724 0.7729357798165137 0.041379310344827586 0.15137614678899083
2 0.6931034482758621 0.5573394495412844 0.041379310344827586 0.21559633027522937
2 0.603448275862069 0.38073394495412843 0.05517241379310345 0.11009174311926606
2 0.6586206896551724 0.3876146788990826 0.04827586206896552 0.0963302752293578
2 0.5379310344827586 0.24541284403669725 0.11724137931034483 0.12385321100917432
2 0.33620689655172414 0.19036697247706422 0.27241379310344827 0.0779816513761468
2 0.16896551724137931 0.2545871559633027 0.06206896551724138 0.06880733944954129
2 0.11896551724137931 0.3486238532110092 0.05862068965517241 0.10091743119266056
2 0.05172413793103448 0.5986238532110092 0.07586206896551724 0.40825688073394495
2 0.07413793103448275 0.8394495412844036 0.08620689655172414 0.07339449541284404