1 0.5567375886524822 0.48095238095238096 0.3900709219858156 0.5238095238095238
0 0.5620567375886525 0.5833333333333334 0.7978723404255319 0.8238095238095238
2 0.24822695035460993 0.31666666666666665 0.0425531914893617 0.15714285714285714
2 0.2127659574468085 0.5404761904761904 0.0425531914893617 0.22380952380952382
2 0.3049645390070922 0.7238095238095238 0.05673758865248227 0.11428571428571428
2 0.24822695035460993 0.7166666666666667 0.04964539007092199 0.1
2 0.3723404255319149 0.8642857142857143 0.12056737588652482 0.12857142857142856
2 0.5797872340425532 0.9214285714285714 0.2801418439716312 0.08095238095238096
2 0.75177304964539 0.8547619047619047 0.06382978723404255 0.07142857142857142
2 0.8031914893617021 0.7571428571428571 0.06028368794326241 0.10476190476190476
2 0.8723404255319149 0.4976190476190476 0.07801418439716312 0.4238095238095238
2 0.849290780141844 0.24761904761904763 0.08865248226950355 0.0761904761904762