1 0.5849673202614379 0.4260869565217391 0.35947712418300654 0.4782608695652174
0 0.5898692810457516 0.5195652173913043 0.7352941176470589 0.7521739130434782
2 0.3006535947712418 0.27608695652173915 0.0392156862745098 0.14347826086956522
2 0.2679738562091503 0.48043478260869565 0.0392156862745098 0.20434782608695654
2 0.35294117647058826 0.6478260869565218 0.05228758169934641 0.10434782608695652
2 0.3006535947712418 0.6413043478260869 0.0457516339869281 0.09130434782608696
2 0.4150326797385621 0.7760869565217391 0.1111111111111111 0.11739130434782609
2 0.6062091503267973 0.8282608695652174 0.2581699346405229 0.07391304347826087
2 0.7647058823529411 0.7673913043478261 0.058823529411764705 0.06521739130434782
2 0.8120915032679739 0.6782608695652174 0.05555555555555555 0.09565217391304348
2 0.8758169934640523 0.44130434782608696 0.0718954248366013 0.3869565217391304
2 0.8545751633986928 0.21304347826086956 0.08169934640522876 0.06956521739130435