1 0.697452229299363 0.4576271186440678 0.22929936305732485 0.3050847457627119
0 0.6831210191082803 0.5444915254237288 0.6337579617834395 0.6567796610169492
2 0.47611464968152867 0.5402542372881356 0.028662420382165606 0.15677966101694915
2 0.5286624203821656 0.6652542372881356 0.050955414012738856 0.06779661016949153
2 0.6130573248407644 0.7351694915254238 0.10509554140127389 0.08898305084745763
2 0.7117834394904459 0.7733050847457628 0.08598726114649681 0.046610169491525424
2 0.6910828025477707 0.8114406779661016 0.18471337579617833 0.046610169491525424
2 0.9729299363057324 0.4766949152542373 0.041401273885350316 0.2330508474576271
2 0.9315286624203821 0.4449152542372881 0.041401273885350316 0.1694915254237288
2 0.8296178343949044 0.7754237288135594 0.0732484076433121 0.0847457627118644
2 0.89171974522293 0.7245762711864406 0.05732484076433121 0.09322033898305085