1 0.7039473684210527 0.4342105263157895 0.23684210526315788 0.3157894736842105
0 0.680921052631579 0.5241228070175439 0.6381578947368421 0.6798245614035088
2 0.4753289473684211 0.5197368421052632 0.029605263157894735 0.16228070175438597
2 0.5296052631578947 0.6491228070175439 0.05263157894736842 0.07017543859649122
2 0.6167763157894737 0.7214912280701754 0.10855263157894737 0.09210526315789473
2 0.71875 0.7609649122807017 0.08881578947368421 0.04824561403508772
2 0.6973684210526315 0.8004385964912281 0.19078947368421054 0.04824561403508772
2 0.9835526315789473 0.45394736842105265 0.03289473684210526 0.2412280701754386
2 0.9457236842105263 0.42105263157894735 0.04276315789473684 0.17543859649122806
2 0.8404605263157895 0.7631578947368421 0.0756578947368421 0.08771929824561403
2 0.9046052631578947 0.7105263157894737 0.05921052631578947 0.09649122807017543