1 0.6944444444444444 0.5185185185185185 0.25 0.3333333333333333
0 0.6666666666666666 0.4236111111111111 0.6666666666666666 0.7175925925925926
2 0.453125 0.42824074074074076 0.03125 0.1712962962962963
2 0.5104166666666666 0.2916666666666667 0.05555555555555555 0.07407407407407407
2 0.6024305555555556 0.2152777777777778 0.11458333333333333 0.09722222222222222
2 0.7100694444444444 0.1736111111111111 0.09375 0.05092592592592592
2 0.6875 0.13194444444444445 0.2013888888888889 0.05092592592592592
2 0.9861111111111112 0.4976851851851852 0.027777777777777776 0.25462962962962965
2 0.9496527777777778 0.5324074074074074 0.04513888888888889 0.18518518518518517
2 0.8385416666666666 0.1712962962962963 0.0798611111111111 0.09259259259259259
2 0.90625 0.22685185185185186 0.0625 0.10185185185185185