1 0.5204081632653061 0.5863636363636363 0.3129251700680272 0.41818181818181815
0 0.5289115646258503 0.5545454545454546 0.7244897959183674 0.8909090909090909
2 0.8248299319727891 0.6545454545454545 0.05102040816326531 0.2
2 0.2261904761904762 0.5340909090909091 0.05782312925170068 0.2681818181818182
2 0.4931972789115646 0.18409090909090908 0.2653061224489796 0.05909090909090909
2 0.685374149659864 0.23636363636363636 0.09863945578231292 0.09090909090909091
2 0.7602040816326531 0.3181818181818182 0.04421768707482993 0.10909090909090909
2 0.8010204081632653 0.41818181818181815 0.03741496598639456 0.06363636363636363
2 0.24149659863945577 0.7136363636363636 0.04081632653061224 0.10909090909090909
2 0.7687074829931972 0.8363636363636363 0.08163265306122448 0.12727272727272726
2 0.6955782312925171 0.9386363636363636 0.08503401360544217 0.07727272727272727
2 0.6275510204081632 0.9681818181818181 0.04421768707482993 0.05454545454545454
2 0.5204081632653061 0.9795454545454545 0.19047619047619047 0.04090909090909091
2 0.28741496598639454 0.8363636363636363 0.04421768707482993 0.08181818181818182
2 0.3469387755102041 0.9181818181818182 0.061224489795918366 0.045454545454545456