1 0.3978102189781022 0.5679611650485437 0.3357664233576642 0.44660194174757284
0 0.3886861313868613 0.529126213592233 0.7773722627737226 0.941747572815534
2 0.07116788321167883 0.6407766990291263 0.05474452554744526 0.21359223300970873
2 0.7135036496350365 0.5121359223300971 0.06204379562043796 0.28640776699029125
2 0.42700729927007297 0.1383495145631068 0.2846715328467153 0.06310679611650485
2 0.2208029197080292 0.1941747572815534 0.10583941605839416 0.0970873786407767
2 0.14051094890510948 0.2815533980582524 0.04744525547445255 0.11650485436893204
2 0.09671532846715329 0.3883495145631068 0.040145985401459854 0.06796116504854369
2 0.6970802919708029 0.7038834951456311 0.043795620437956206 0.11650485436893204
2 0.13138686131386862 0.8349514563106796 0.08759124087591241 0.13592233009708737
2 0.20985401459854014 0.9441747572815534 0.09124087591240876 0.0825242718446602
2 0.28284671532846717 0.9733009708737864 0.04744525547445255 0.05339805825242718
2 0.3978102189781022 0.9830097087378641 0.20437956204379562 0.03398058252427184
2 0.6478102189781022 0.8349514563106796 0.04744525547445255 0.08737864077669903
2 0.583941605839416 0.9223300970873787 0.06569343065693431 0.04854368932038835