1 0.4927007299270073 0.45145631067961167 0.3357664233576642 0.44660194174757284
0 0.4835766423357664 0.48058252427184467 0.7773722627737226 0.9611650485436893
2 0.16605839416058393 0.3786407766990291 0.05474452554744526 0.21359223300970873
2 0.8083941605839416 0.5072815533980582 0.06204379562043796 0.28640776699029125
2 0.5218978102189781 0.8810679611650486 0.2846715328467153 0.06310679611650485
2 0.3156934306569343 0.8252427184466019 0.10583941605839416 0.0970873786407767
2 0.2354014598540146 0.7378640776699029 0.04744525547445255 0.11650485436893204
2 0.19160583941605838 0.6310679611650486 0.040145985401459854 0.06796116504854369
2 0.791970802919708 0.3155339805825243 0.043795620437956206 0.11650485436893204
2 0.22627737226277372 0.18446601941747573 0.08759124087591241 0.13592233009708737
2 0.30474452554744524 0.07524271844660194 0.09124087591240876 0.0825242718446602
2 0.3777372262773723 0.043689320388349516 0.04744525547445255 0.05825242718446602
2 0.4927007299270073 0.02912621359223301 0.20437956204379562 0.04854368932038835
2 0.7427007299270073 0.18446601941747573 0.04744525547445255 0.08737864077669903
2 0.6788321167883211 0.0970873786407767 0.06569343065693431 0.04854368932038835