1 0.5684713375796179 0.4364406779661017 0.321656050955414 0.4322033898305085
0 0.5812101910828026 0.4703389830508475 0.6210191082802548 0.7627118644067796
2 0.785031847133758 0.2521186440677966 0.06050955414012739 0.1652542372881356
2 0.3232484076433121 0.413135593220339 0.041401273885350316 0.17372881355932204
2 0.3535031847133758 0.2775423728813559 0.05732484076433121 0.08050847457627118
2 0.3996815286624204 0.1906779661016949 0.06050955414012739 0.06779661016949153
2 0.6735668789808917 0.13559322033898305 0.1178343949044586 0.03389830508474576
2 0.3232484076433121 0.6101694915254238 0.054140127388535034 0.13559322033898305
2 0.4012738853503185 0.7266949152542372 0.10828025477707007 0.0635593220338983
2 0.5493630573248408 0.8029661016949152 0.1751592356687898 0.038135593220338986
2 0.6847133757961783 0.7669491525423728 0.11464968152866242 0.0423728813559322
2 0.7722929936305732 0.7076271186440678 0.03503184713375796 0.06779661016949153
2 0.8105095541401274 0.6673728813559322 0.028662420382165606 0.0635593220338983