1 0.5983333333333334 0.4419642857142857 0.33666666666666667 0.45535714285714285
0 0.6116666666666667 0.47767857142857145 0.65 0.8035714285714286
2 0.825 0.24776785714285715 0.06333333333333334 0.17410714285714285
2 0.3416666666666667 0.4174107142857143 0.043333333333333335 0.18303571428571427
2 0.37333333333333335 0.27455357142857145 0.06 0.08482142857142858
2 0.4216666666666667 0.18303571428571427 0.06333333333333334 0.07142857142857142
2 0.7083333333333334 0.125 0.12333333333333334 0.03571428571428571
2 0.3416666666666667 0.625 0.056666666666666664 0.14285714285714285
2 0.42333333333333334 0.7477678571428571 0.11333333333333333 0.06696428571428571
2 0.5783333333333334 0.828125 0.18333333333333332 0.04017857142857143
2 0.72 0.7901785714285714 0.12 0.044642857142857144
2 0.8116666666666666 0.7276785714285714 0.03666666666666667 0.07142857142857142
2 0.8516666666666667 0.6852678571428571 0.03 0.06696428571428571