1 0.5612582781456954 0.5796460176991151 0.3344370860927152 0.45132743362831856
0 0.5745033112582781 0.5442477876106194 0.6456953642384106 0.7964601769911505
2 0.7864238410596026 0.7721238938053098 0.06291390728476821 0.17256637168141592
2 0.30629139072847683 0.6039823008849557 0.04304635761589404 0.18141592920353983
2 0.33774834437086093 0.745575221238938 0.059602649006622516 0.084070796460177
2 0.38576158940397354 0.8362831858407079 0.06291390728476821 0.07079646017699115
2 0.6705298013245033 0.8938053097345132 0.12251655629139073 0.035398230088495575
2 0.30629139072847683 0.39823008849557523 0.056291390728476824 0.1415929203539823
2 0.38741721854304634 0.27654867256637167 0.11258278145695365 0.06637168141592921
2 0.5413907284768212 0.19690265486725664 0.18211920529801323 0.03982300884955752
2 0.6821192052980133 0.2345132743362832 0.11920529801324503 0.04424778761061947
2 0.7731788079470199 0.29646017699115046 0.03642384105960265 0.07079646017699115
2 0.8129139072847682 0.33849557522123896 0.029801324503311258 0.06637168141592921