0 0.5071428571428571 0.4714285714285714 0.7214285714285714 0.9333333333333333
1 0.5214285714285715 0.45 0.30714285714285716 0.40476190476190477
2 0.3517857142857143 0.0880952380952381 0.15357142857142858 0.1
2 0.21964285714285714 0.29523809523809524 0.08928571428571429 0.2761904761904762
2 0.21428571428571427 0.6095238095238096 0.07142857142857142 0.20952380952380953
2 0.32857142857142857 0.8 0.12142857142857143 0.13333333333333333
2 0.7714285714285715 0.19523809523809524 0.08571428571428572 0.1523809523809524
2 0.8303571428571429 0.45714285714285713 0.03214285714285714 0.3142857142857143
2 0.75 0.7261904761904762 0.09285714285714286 0.1761904761904762
2 0.5446428571428571 0.8571428571428571 0.28214285714285714 0.09523809523809523
2 0.5875 0.06428571428571428 0.125 0.06190476190476191