0 0.5 0.5296610169491526 0.643312101910828 0.8305084745762712
1 0.4872611464968153 0.510593220338983 0.27388535031847133 0.3601694915254237
2 0.6385350318471338 0.1885593220338983 0.13694267515923567 0.08898305084745763
2 0.7563694267515924 0.3728813559322034 0.07961783439490445 0.2457627118644068
2 0.7611464968152867 0.652542372881356 0.06369426751592357 0.1864406779661017
2 0.6592356687898089 0.8220338983050848 0.10828025477707007 0.11864406779661017
2 0.2643312101910828 0.2838983050847458 0.07643312101910828 0.13559322033898305
2 0.21178343949044587 0.5169491525423728 0.028662420382165606 0.2796610169491525
2 0.28343949044585987 0.7563559322033898 0.08280254777070063 0.15677966101694915
2 0.46656050955414013 0.8728813559322034 0.2515923566878981 0.0847457627118644
2 0.428343949044586 0.1673728813559322 0.11146496815286625 0.05508474576271186