0 0.4937106918238994 0.4789915966386555 0.6352201257861635 0.8235294117647058
1 0.4811320754716981 0.49789915966386555 0.27044025157232704 0.35714285714285715
2 0.6305031446540881 0.8172268907563025 0.13522012578616352 0.08823529411764706
2 0.7468553459119497 0.634453781512605 0.07861635220125786 0.24369747899159663
2 0.7515723270440252 0.35714285714285715 0.06289308176100629 0.18487394957983194
2 0.6509433962264151 0.18907563025210083 0.1069182389937107 0.11764705882352941
2 0.2610062893081761 0.7226890756302521 0.07547169811320754 0.13445378151260504
2 0.20911949685534592 0.49159663865546216 0.02830188679245283 0.2773109243697479
2 0.279874213836478 0.2542016806722689 0.08176100628930817 0.15546218487394958
2 0.4606918238993711 0.13865546218487396 0.24842767295597484 0.08403361344537816
2 0.4229559748427673 0.8382352941176471 0.11006289308176101 0.0546218487394958