1 0.5049668874172185 0.4004424778761062 0.23509933774834438 0.29646017699115046
0 0.48013245033112584 0.5176991150442478 0.7086092715231788 0.5663716814159292
2 0.7317880794701986 0.4823008849557522 0.039735099337748346 0.1504424778761062
2 0.6556291390728477 0.6128318584070797 0.07947019867549669 0.084070796460177
2 0.5860927152317881 0.6836283185840708 0.046357615894039736 0.0752212389380531
2 0.7814569536423841 0.5132743362831859 0.039735099337748346 0.11504424778761062
2 0.7284768211920529 0.6039823008849557 0.033112582781456956 0.0752212389380531
2 0.2582781456953642 0.5265486725663717 0.07947019867549669 0.11504424778761062
2 0.22682119205298013 0.41814159292035397 0.023178807947019868 0.06637168141592921
2 0.3658940397350993 0.6792035398230089 0.0695364238410596 0.0752212389380531
2 0.3079470198675497 0.6991150442477876 0.039735099337748346 0.061946902654867256
2 0.47516556291390727 0.745575221238938 0.1423841059602649 0.05752212389380531