1 0.46828358208955223 0.34405940594059403 0.26492537313432835 0.3316831683168317
0 0.44029850746268656 0.4752475247524752 0.7985074626865671 0.6336633663366337
2 0.7238805970149254 0.43564356435643564 0.04477611940298507 0.16831683168316833
2 0.6380597014925373 0.5816831683168316 0.08955223880597014 0.09405940594059406
2 0.5597014925373134 0.6608910891089109 0.05223880597014925 0.08415841584158416
2 0.7798507462686567 0.47029702970297027 0.04477611940298507 0.12871287128712872
2 0.7201492537313433 0.5717821782178217 0.03731343283582089 0.08415841584158416
2 0.19029850746268656 0.48514851485148514 0.08955223880597014 0.12871287128712872
2 0.15485074626865672 0.36386138613861385 0.026119402985074626 0.07425742574257425
2 0.31156716417910446 0.655940594059406 0.07835820895522388 0.08415841584158416
2 0.2462686567164179 0.6782178217821783 0.04477611940298507 0.06930693069306931
2 0.43470149253731344 0.7301980198019802 0.16044776119402984 0.06435643564356436