1 0.5144230769230769 0.6089743589743589 0.22756410256410256 0.2863247863247863
0 0.49038461538461536 0.49572649572649574 0.6858974358974359 0.5470085470085471
2 0.7339743589743589 0.5299145299145299 0.038461538461538464 0.1452991452991453
2 0.6602564102564102 0.40384615384615385 0.07692307692307693 0.0811965811965812
2 0.592948717948718 0.33547008547008544 0.04487179487179487 0.07264957264957266
2 0.782051282051282 0.5 0.038461538461538464 0.1111111111111111
2 0.7307692307692307 0.41239316239316237 0.03205128205128205 0.07264957264957266
2 0.27564102564102566 0.48717948717948717 0.07692307692307693 0.1111111111111111
2 0.24519230769230768 0.5918803418803419 0.022435897435897436 0.0641025641025641
2 0.3798076923076923 0.33974358974358976 0.0673076923076923 0.07264957264957266
2 0.32371794871794873 0.32051282051282054 0.038461538461538464 0.05982905982905983
2 0.4855769230769231 0.27564102564102566 0.13782051282051283 0.05555555555555555