1 0.52 0.4358407079646018 0.30666666666666664 0.41150442477876104
0 0.5283333333333333 0.4579646017699115 0.7233333333333334 0.915929203539823
2 0.24 0.5088495575221239 0.06666666666666667 0.2831858407079646
2 0.47833333333333333 0.838495575221239 0.20333333333333334 0.0752212389380531
2 0.66 0.084070796460177 0.11333333333333333 0.061946902654867256
2 0.76 0.18141592920353983 0.07333333333333333 0.10619469026548672
2 0.815 0.39601769911504425 0.05 0.252212389380531
2 0.7883333333333333 0.6061946902654868 0.05 0.13274336283185842
2 0.7633333333333333 0.7101769911504425 0.08 0.09292035398230089
2 0.6516666666666666 0.8008849557522124 0.11666666666666667 0.061946902654867256
2 0.2866666666666667 0.19469026548672566 0.03333333333333333 0.07079646017699115
2 0.5216666666666666 0.05088495575221239 0.15 0.030973451327433628