1 0.4525316455696203 0.4300847457627119 0.2911392405063291 0.3940677966101695
0 0.44462025316455694 0.451271186440678 0.6867088607594937 0.8771186440677966
2 0.7183544303797469 0.5 0.06329113924050633 0.2711864406779661
2 0.4920886075949367 0.815677966101695 0.1930379746835443 0.07203389830508475
2 0.31962025316455694 0.09322033898305085 0.10759493670886076 0.059322033898305086
2 0.22468354430379747 0.1864406779661017 0.06962025316455696 0.1016949152542373
2 0.17246835443037975 0.3919491525423729 0.04746835443037975 0.24152542372881355
2 0.19778481012658228 0.5932203389830508 0.04746835443037975 0.1271186440677966
2 0.22151898734177214 0.6927966101694916 0.0759493670886076 0.08898305084745763
2 0.3275316455696203 0.7796610169491526 0.11075949367088607 0.059322033898305086
2 0.6740506329113924 0.19915254237288135 0.03164556962025317 0.06779661016949153
2 0.4509493670886076 0.0614406779661017 0.14240506329113925 0.029661016949152543