1 0.5809859154929577 0.46462264150943394 0.323943661971831 0.4386792452830189
0 0.5897887323943662 0.4882075471698113 0.7640845070422535 0.9764150943396226
2 0.2852112676056338 0.5424528301886793 0.07042253521126761 0.3018867924528302
2 0.5369718309859155 0.8938679245283019 0.2147887323943662 0.08018867924528301
2 0.7288732394366197 0.08962264150943396 0.11971830985915492 0.0660377358490566
2 0.8345070422535211 0.19339622641509435 0.07746478873239436 0.11320754716981132
2 0.8926056338028169 0.4221698113207547 0.0528169014084507 0.2688679245283019
2 0.8644366197183099 0.6462264150943396 0.0528169014084507 0.14150943396226415
2 0.8380281690140845 0.7570754716981132 0.08450704225352113 0.09905660377358491
2 0.7200704225352113 0.8537735849056604 0.12323943661971831 0.0660377358490566
2 0.3345070422535211 0.20754716981132076 0.035211267605633804 0.07547169811320754
2 0.5827464788732394 0.054245283018867926 0.15845070422535212 0.0330188679245283