1 0.5844827586206897 0.5986238532110092 0.21724137931034482 0.2981651376146789
0 0.5775862068965517 0.5298165137614679 0.7137931034482758 0.8027522935779816
2 0.8672413793103448 0.6330275229357798 0.02413793103448276 0.1559633027522936
2 0.8086206896551724 0.4610091743119266 0.05172413793103448 0.12385321100917432
2 0.853448275862069 0.48394495412844035 0.03103448275862069 0.12385321100917432
2 0.7879310344827586 0.3165137614678899 0.09310344827586207 0.08256880733944955
2 0.6706896551724137 0.22247706422018348 0.16206896551724137 0.10550458715596331
2 0.5258620689655172 0.20642201834862386 0.1206896551724138 0.08256880733944955
2 0.43448275862068964 0.27522935779816515 0.06206896551724138 0.05504587155963303
2 0.3775862068965517 0.3486238532110092 0.05172413793103448 0.07339449541284404
2 0.28620689655172415 0.5963302752293578 0.041379310344827586 0.1834862385321101
2 0.31896551724137934 0.43577981651376146 0.05862068965517241 0.11926605504587157
2 0.31724137931034485 0.7935779816513762 0.04827586206896552 0.09174311926605505
2 0.3741379310344828 0.8486238532110092 0.03793103448275862 0.05504587155963303