1 0.40436241610738255 0.40315315315315314 0.21140939597315436 0.2927927927927928
0 0.4110738255033557 0.47072072072072074 0.6946308724832215 0.7882882882882883
2 0.12919463087248323 0.36936936936936937 0.02348993288590604 0.15315315315315314
2 0.18624161073825504 0.5382882882882883 0.050335570469798654 0.12162162162162163
2 0.14261744966442952 0.5157657657657657 0.030201342281879196 0.12162162162162163
2 0.2063758389261745 0.6801801801801802 0.09060402684563758 0.08108108108108109
2 0.32046979865771813 0.7725225225225225 0.15771812080536912 0.1036036036036036
2 0.46140939597315433 0.7882882882882883 0.1174496644295302 0.08108108108108109
2 0.5503355704697986 0.7207207207207207 0.06040268456375839 0.05405405405405406
2 0.6057046979865772 0.6486486486486487 0.050335570469798654 0.07207207207207207
2 0.6946308724832215 0.40540540540540543 0.040268456375838924 0.18018018018018017
2 0.662751677852349 0.5630630630630631 0.05704697986577181 0.11711711711711711
2 0.6644295302013423 0.21171171171171171 0.04697986577181208 0.09009009009009009
2 0.6090604026845637 0.15765765765765766 0.03691275167785235 0.05405405405405406