1 0.5933098591549296 0.5683962264150944 0.22183098591549297 0.30660377358490565
0 0.5862676056338029 0.49764150943396224 0.7288732394366197 0.8254716981132075
2 0.8820422535211268 0.6037735849056604 0.02464788732394366 0.16037735849056603
2 0.8221830985915493 0.4268867924528302 0.0528169014084507 0.12735849056603774
2 0.8679577464788732 0.45047169811320753 0.03169014084507042 0.12735849056603774
2 0.801056338028169 0.2783018867924528 0.09507042253521127 0.08490566037735849
2 0.6813380281690141 0.18160377358490565 0.16549295774647887 0.10849056603773585
2 0.5334507042253521 0.1650943396226415 0.12323943661971831 0.08490566037735849
2 0.44014084507042256 0.2358490566037736 0.06338028169014084 0.05660377358490566
2 0.38204225352112675 0.3113207547169811 0.0528169014084507 0.07547169811320754
2 0.2887323943661972 0.5660377358490566 0.04225352112676056 0.18867924528301888
2 0.3221830985915493 0.4009433962264151 0.05985915492957746 0.12264150943396226
2 0.3204225352112676 0.7688679245283019 0.04929577464788732 0.09433962264150944
2 0.3785211267605634 0.8254716981132075 0.03873239436619718 0.05660377358490566