1 0.5225806451612903 0.6163793103448276 0.33548387096774196 0.4482758620689655
2 0.7209677419354839 0.8814655172413793 0.06129032258064516 0.10775862068965517
2 0.7677419354838709 0.8125 0.01935483870967742 0.125
2 0.7887096774193548 0.6228448275862069 0.02903225806451613 0.15948275862068967
2 0.23548387096774193 0.6379310344827587 0.03870967741935484 0.1724137931034483
2 0.2629032258064516 0.7780172413793104 0.035483870967741936 0.06465517241379311
2 0.3032258064516129 0.8512931034482759 0.03225806451612903 0.04741379310344827
2 0.3580645161290323 0.9008620689655172 0.06451612903225806 0.05172413793103448
2 0.4241935483870968 0.9482758620689655 0.06129032258064516 0.034482758620689655
2 0.2629032258064516 0.4525862068965517 0.02903225806451613 0.07758620689655173
2 0.5032258064516129 0.25646551724137934 0.1870967741935484 0.06465517241379311
2 0.3709677419354839 0.3297413793103448 0.07096774193548387 0.09913793103448276
2 0.646774193548387 0.3254310344827586 0.08064516129032258 0.09913793103448276
2 0.7306451612903225 0.4504310344827586 0.06129032258064516 0.14224137931034483
2 0.7774193548387097 0.4202586206896552 0.025806451612903226 0.11637931034482758