1 0.5370370370370371 0.40594059405940597 0.3851851851851852 0.5148514851485149
2 0.30925925925925923 0.10148514851485149 0.07037037037037037 0.12376237623762376
2 0.25555555555555554 0.1806930693069307 0.022222222222222223 0.14356435643564355
2 0.23148148148148148 0.39851485148514854 0.03333333333333333 0.18316831683168316
2 0.8666666666666667 0.3811881188118812 0.044444444444444446 0.19801980198019803
2 0.8351851851851851 0.2202970297029703 0.040740740740740744 0.07425742574257425
2 0.7888888888888889 0.13613861386138615 0.037037037037037035 0.054455445544554455
2 0.725925925925926 0.07920792079207921 0.07407407407407407 0.0594059405940594
2 0.65 0.024752475247524754 0.07037037037037037 0.039603960396039604
2 0.8351851851851851 0.594059405940594 0.03333333333333333 0.0891089108910891
2 0.5592592592592592 0.8193069306930693 0.21481481481481482 0.07425742574257425
2 0.7111111111111111 0.7351485148514851 0.08148148148148149 0.11386138613861387
2 0.39444444444444443 0.7400990099009901 0.09259259259259259 0.11386138613861387
2 0.29814814814814816 0.5965346534653465 0.07037037037037037 0.16336633663366337
2 0.24444444444444444 0.6311881188118812 0.02962962962962963 0.13366336633663367