1 0.5342465753424658 0.40825688073394495 0.3561643835616438 0.47706422018348627
2 0.7448630136986302 0.12614678899082568 0.06506849315068493 0.11467889908256881
2 0.7945205479452054 0.19954128440366972 0.02054794520547945 0.13302752293577982
2 0.8167808219178082 0.4013761467889908 0.030821917808219176 0.16972477064220184
2 0.22945205479452055 0.3853211009174312 0.0410958904109589 0.1834862385321101
2 0.2585616438356164 0.23623853211009174 0.03767123287671233 0.06880733944954129
2 0.3013698630136986 0.15825688073394495 0.03424657534246575 0.05045871559633028
2 0.3595890410958904 0.10550458715596331 0.0684931506849315 0.05504587155963303
2 0.4297945205479452 0.05504587155963303 0.06506849315068493 0.03669724770642202
2 0.2585616438356164 0.5825688073394495 0.030821917808219176 0.08256880733944955
2 0.5136986301369864 0.7912844036697247 0.19863013698630136 0.06880733944954129
2 0.3732876712328767 0.713302752293578 0.07534246575342465 0.10550458715596331
2 0.666095890410959 0.7178899082568807 0.08561643835616438 0.10550458715596331
2 0.7551369863013698 0.5848623853211009 0.06506849315068493 0.15137614678899083
2 0.8047945205479452 0.6169724770642202 0.0273972602739726 0.12385321100917432