1 0.3987341772151899 0.5296610169491526 0.20253164556962025 0.2966101694915254
0 0.4224683544303797 0.4809322033898305 0.6360759493670886 0.7584745762711864
2 0.14556962025316456 0.5699152542372882 0.03164556962025317 0.13135593220338984
2 0.15822784810126583 0.6800847457627118 0.02531645569620253 0.08050847457627118
2 0.47468354430379744 0.2542372881355932 0.056962025316455694 0.05084745762711865
2 0.5332278481012658 0.2944915254237288 0.05379746835443038 0.07203389830508475
2 0.6376582278481012 0.4533898305084746 0.05379746835443038 0.17796610169491525
2 0.4873417721518987 0.19491525423728814 0.0949367088607595 0.059322033898305086
2 0.5617088607594937 0.2288135593220339 0.04746835443037975 0.0423728813559322
2 0.5917721518987342 0.3093220338983051 0.056962025316455694 0.09322033898305085
2 0.1930379746835443 0.3220338983050847 0.06962025316455696 0.059322033898305086
2 0.19145569620253164 0.760593220338983 0.04746835443037975 0.05508474576271186
2 0.25316455696202533 0.8114406779661016 0.06329113924050633 0.046610169491525424
2 0.3639240506329114 0.8389830508474576 0.13291139240506328 0.025423728813559324
2 0.6693037974683544 0.6546610169491526 0.05379746835443038 0.1906779661016949
2 0.689873417721519 0.4851694915254237 0.0189873417721519 0.0635593220338983