1 0.6282894736842105 0.5043859649122807 0.21052631578947367 0.30701754385964913
0 0.6036184210526315 0.45394736842105265 0.6611842105263158 0.7850877192982456
2 0.8914473684210527 0.5460526315789473 0.03289473684210526 0.13596491228070176
2 0.8782894736842105 0.6600877192982456 0.02631578947368421 0.08333333333333333
2 0.5493421052631579 0.21929824561403508 0.05921052631578947 0.05263157894736842
2 0.48848684210526316 0.26096491228070173 0.05592105263157895 0.07456140350877193
2 0.37993421052631576 0.42543859649122806 0.05592105263157895 0.18421052631578946
2 0.5361842105263158 0.15789473684210525 0.09868421052631579 0.06140350877192982
2 0.4588815789473684 0.19298245614035087 0.049342105263157895 0.043859649122807015
2 0.4276315789473684 0.27631578947368424 0.05921052631578947 0.09649122807017543
2 0.8421052631578947 0.2894736842105263 0.07236842105263158 0.06140350877192982
2 0.84375 0.743421052631579 0.049342105263157895 0.05701754385964912
2 0.7796052631578947 0.7960526315789473 0.06578947368421052 0.04824561403508772
2 0.6644736842105263 0.8245614035087719 0.13815789473684212 0.02631578947368421
2 0.3470394736842105 0.6337719298245614 0.05592105263157895 0.19736842105263158
2 0.3256578947368421 0.4583333333333333 0.019736842105263157 0.06578947368421052