1 0.4489051094890511 0.4174757281553398 0.23357664233576642 0.33980582524271846
0 0.4762773722627737 0.4733009708737864 0.7335766423357665 0.8689320388349514
2 0.15693430656934307 0.3713592233009709 0.0364963503649635 0.15048543689320387
2 0.17153284671532848 0.24514563106796117 0.029197080291970802 0.09223300970873786
2 0.5364963503649635 0.7330097087378641 0.06569343065693431 0.05825242718446602
2 0.6040145985401459 0.6868932038834952 0.06204379562043796 0.0825242718446602
2 0.7244525547445255 0.5048543689320388 0.06204379562043796 0.20388349514563106
2 0.551094890510949 0.8009708737864077 0.10948905109489052 0.06796116504854369
2 0.6368613138686131 0.7621359223300971 0.05474452554744526 0.04854368932038835
2 0.6715328467153284 0.6699029126213593 0.06569343065693431 0.10679611650485436
2 0.2116788321167883 0.6553398058252428 0.08029197080291971 0.06796116504854369
2 0.20985401459854014 0.1529126213592233 0.05474452554744526 0.06310679611650485
2 0.28102189781021897 0.09466019417475728 0.072992700729927 0.05339805825242718
2 0.40875912408759124 0.06310679611650485 0.15328467153284672 0.02912621359223301
2 0.7609489051094891 0.27427184466019416 0.06204379562043796 0.21844660194174756
2 0.7846715328467153 0.4684466019417476 0.021897810218978103 0.07281553398058252