1 0.5111940298507462 0.3712871287128713 0.291044776119403 0.38613861386138615
0 0.5335820895522388 0.4777227722772277 0.835820895522388 0.8762376237623762
2 0.20149253731343283 0.2747524752475248 0.04477611940298507 0.18316831683168316
2 0.26119402985074625 0.1311881188118812 0.06716417910447761 0.09405940594059406
2 0.22201492537313433 0.5198019801980198 0.055970149253731345 0.1188118811881188
2 0.251865671641791 0.6113861386138614 0.041044776119402986 0.07425742574257425
2 0.31156716417910446 0.7054455445544554 0.055970149253731345 0.07425742574257425
2 0.5111940298507462 0.8316831683168316 0.26865671641791045 0.0594059405940594
2 0.3451492537313433 0.7821782178217822 0.055970149253731345 0.04950495049504951
2 0.8507462686567164 0.3415841584158416 0.029850746268656716 0.1485148514851485
2 0.7220149253731343 0.7599009900990099 0.06343283582089553 0.07425742574257425
2 0.8190298507462687 0.18316831683168316 0.026119402985074626 0.0594059405940594