1 0.5032679738562091 0.32608695652173914 0.2549019607843137 0.3391304347826087
0 0.48366013071895425 0.41956521739130437 0.7320261437908496 0.7695652173913043
2 0.7745098039215687 0.24130434782608695 0.0392156862745098 0.1608695652173913
2 0.7222222222222222 0.11521739130434783 0.058823529411764705 0.08260869565217391
2 0.7565359477124183 0.45652173913043476 0.049019607843137254 0.10434782608695652
2 0.7303921568627451 0.5369565217391304 0.03594771241830065 0.06521739130434782
2 0.6781045751633987 0.6195652173913043 0.049019607843137254 0.06521739130434782
2 0.5032679738562091 0.7304347826086957 0.23529411764705882 0.05217391304347826
2 0.6486928104575164 0.6869565217391305 0.049019607843137254 0.043478260869565216
2 0.20588235294117646 0.3 0.026143790849673203 0.13043478260869565
2 0.31862745098039214 0.6673913043478261 0.05555555555555555 0.06521739130434782
2 0.23366013071895425 0.1608695652173913 0.02287581699346405 0.05217391304347826