1 0.5466666666666666 0.6902654867256637 0.26 0.34513274336283184
0 0.5266666666666666 0.5951327433628318 0.7466666666666667 0.7831858407079646
2 0.8233333333333334 0.7765486725663717 0.04 0.16371681415929204
2 0.77 0.9048672566371682 0.06 0.084070796460177
2 0.805 0.5575221238938053 0.05 0.10619469026548672
2 0.7783333333333333 0.4756637168141593 0.03666666666666667 0.06637168141592921
2 0.725 0.3915929203539823 0.05 0.06637168141592921
2 0.5466666666666666 0.27876106194690264 0.24 0.05309734513274336
2 0.695 0.3230088495575221 0.05 0.04424778761061947
2 0.24333333333333335 0.7168141592920354 0.02666666666666667 0.13274336283185842
2 0.35833333333333334 0.34292035398230086 0.056666666666666664 0.06637168141592921
2 0.27166666666666667 0.8584070796460177 0.023333333333333334 0.05309734513274336