1 0.48322147651006714 0.5585585585585585 0.28859060402684567 0.38738738738738737
0 0.4563758389261745 0.4954954954954955 0.7114093959731543 0.7657657657657657
2 0.7567114093959731 0.5135135135135135 0.02348993288590604 0.0990990990990991
2 0.7114093959731543 0.6824324324324325 0.04697986577181208 0.13063063063063063
2 0.7114093959731543 0.4189189189189189 0.04697986577181208 0.09009009009009009
2 0.6812080536912751 0.3333333333333333 0.06040268456375839 0.07207207207207207
2 0.6157718120805369 0.2545045045045045 0.09060402684563758 0.07657657657657657
2 0.47651006711409394 0.21846846846846846 0.174496644295302 0.06756756756756757
2 0.34563758389261745 0.240990990990991 0.06711409395973154 0.08558558558558559
2 0.27684563758389263 0.30405405405405406 0.05704697986577181 0.0945945945945946
2 0.19798657718120805 0.5135135135135135 0.03355704697986577 0.12612612612612611
2 0.2332214765100671 0.6801801801801802 0.03691275167785235 0.08108108108108109