1 0.5111111111111111 0.37623762376237624 0.31851851851851853 0.42574257425742573
0 0.48148148148148145 0.44554455445544555 0.7851851851851852 0.8415841584158416
2 0.812962962962963 0.42574257425742573 0.025925925925925925 0.10891089108910891
2 0.762962962962963 0.2400990099009901 0.05185185185185185 0.14356435643564355
2 0.762962962962963 0.5297029702970297 0.05185185185185185 0.09900990099009901
2 0.7296296296296296 0.6237623762376238 0.06666666666666667 0.07920792079207921
2 0.6574074074074074 0.7103960396039604 0.1 0.08415841584158416
2 0.5037037037037037 0.75 0.1925925925925926 0.07425742574257425
2 0.3592592592592593 0.7252475247524752 0.07407407407407407 0.09405940594059406
2 0.2833333333333333 0.655940594059406 0.06296296296296296 0.10396039603960396
2 0.1962962962962963 0.42574257425742573 0.037037037037037035 0.13861386138613863
2 0.2351851851851852 0.24257425742574257 0.040740740740740744 0.0891089108910891