1 0.47333333333333333 0.45535714285714285 0.2866666666666667 0.38392857142857145
0 0.44666666666666666 0.5178571428571429 0.7066666666666667 0.7589285714285714
2 0.745 0.5 0.023333333333333334 0.09821428571428571
2 0.7 0.3325892857142857 0.04666666666666667 0.12946428571428573
2 0.7 0.59375 0.04666666666666667 0.08928571428571429
2 0.67 0.6785714285714286 0.06 0.07142857142857142
2 0.605 0.7566964285714286 0.09 0.07589285714285714
2 0.4666666666666667 0.7924107142857143 0.17333333333333334 0.06696428571428571
2 0.33666666666666667 0.7700892857142857 0.06666666666666667 0.08482142857142858
2 0.2683333333333333 0.7075892857142857 0.056666666666666664 0.09375
2 0.19 0.5 0.03333333333333333 0.125
2 0.225 0.33482142857142855 0.03666666666666667 0.08035714285714286