1 0.46774193548387094 0.5 0.36129032258064514 0.46551724137931033
0 0.4854838709677419 0.46336206896551724 0.7064516129032258 0.8491379310344828
2 0.7258064516129032 0.6724137931034483 0.10967741935483871 0.21551724137931033
2 0.7629032258064516 0.4870689655172414 0.06129032258064516 0.1724137931034483
2 0.7774193548387097 0.3254310344827586 0.025806451612903226 0.15086206896551724
2 0.4596774193548387 0.1271551724137931 0.27419354838709675 0.05603448275862069
2 0.3403225806451613 0.1810344827586207 0.06129032258064516 0.04310344827586207
2 0.18387096774193548 0.5366379310344828 0.04516129032258064 0.16810344827586207
2 0.21774193548387097 0.6853448275862069 0.06129032258064516 0.09482758620689655
2 0.29838709677419356 0.7823275862068966 0.06774193548387097 0.06465517241379311
2 0.6854838709677419 0.17456896551724138 0.041935483870967745 0.07327586206896551