1 0.5171232876712328 0.4908256880733945 0.3835616438356164 0.4954128440366973
0 0.535958904109589 0.4518348623853211 0.75 0.9036697247706422
2 0.791095890410959 0.6743119266055045 0.11643835616438356 0.22935779816513763
2 0.8304794520547946 0.47706422018348627 0.06506849315068493 0.1834862385321101
2 0.8458904109589042 0.30504587155963303 0.0273972602739726 0.16055045871559634
2 0.5085616438356164 0.09403669724770643 0.2910958904109589 0.05963302752293578
2 0.3818493150684932 0.15137614678899083 0.06506849315068493 0.045871559633027525
2 0.21575342465753425 0.5298165137614679 0.04794520547945205 0.17889908256880735
2 0.2517123287671233 0.6880733944954128 0.06506849315068493 0.10091743119266056
2 0.3373287671232877 0.7912844036697247 0.07191780821917808 0.06880733944954129
2 0.7482876712328768 0.1444954128440367 0.04452054794520548 0.0779816513761468