1 0.4779874213836478 0.4957983193277311 0.3522012578616352 0.453781512605042
0 0.49528301886792453 0.5315126050420168 0.6886792452830188 0.8277310924369747
2 0.7295597484276729 0.3277310924369748 0.1069182389937107 0.21008403361344538
2 0.7657232704402516 0.5084033613445378 0.059748427672955975 0.16806722689075632
2 0.779874213836478 0.6659663865546218 0.025157232704402517 0.14705882352941177
2 0.470125786163522 0.8592436974789915 0.2672955974842767 0.0546218487394958
2 0.35377358490566035 0.8067226890756303 0.059748427672955975 0.04201680672268908
2 0.20125786163522014 0.46008403361344535 0.0440251572327044 0.1638655462184874
2 0.23427672955974843 0.31512605042016806 0.059748427672955975 0.09243697478991597
2 0.3128930817610063 0.22058823529411764 0.0660377358490566 0.06302521008403361
2 0.690251572327044 0.8130252100840336 0.040880503144654086 0.07142857142857142