1 0.5088652482269503 0.32142857142857145 0.2801418439716312 0.38571428571428573
0 0.50177304964539 0.3976190476190476 0.7624113475177305 0.7952380952380952
2 0.29609929078014185 0.09047619047619047 0.06028368794326241 0.13333333333333333
2 0.25 0.3238095238095238 0.05319148936170213 0.26666666666666666
2 0.2872340425531915 0.5166666666666667 0.03546099290780142 0.11904761904761904
2 0.3404255319148936 0.5952380952380952 0.04964539007092199 0.0761904761904762
2 0.4432624113475177 0.6857142857142857 0.16312056737588654 0.0761904761904762
2 0.22163120567375885 0.13095238095238096 0.03900709219858156 0.1380952380952381
2 0.7978723404255319 0.5119047619047619 0.07092198581560284 0.20476190476190476
2 0.7358156028368794 0.6452380952380953 0.08156028368794327 0.07142857142857142
2 0.6400709219858156 0.7119047619047619 0.1099290780141844 0.09047619047619047
2 0.3173758865248227 0.680952380952381 0.06028368794326241 0.06666666666666667
2 0.23049645390070922 0.5333333333333333 0.05673758865248227 0.11428571428571428
2 0.1950354609929078 0.3404761904761905 0.03546099290780142 0.21428571428571427