1 0.5079617834394905 0.3029661016949153 0.2515923566878981 0.3432203389830508
0 0.5143312101910829 0.3622881355932203 0.6847133757961783 0.7245762711864406
2 0.6990445859872612 0.09745762711864407 0.054140127388535034 0.11864406779661017
2 0.7404458598726115 0.3050847457627119 0.04777070063694268 0.23728813559322035
2 0.7070063694267515 0.4766949152542373 0.03184713375796178 0.1059322033898305
2 0.6592356687898089 0.5466101694915254 0.044585987261146494 0.06779661016949153
2 0.5668789808917197 0.6271186440677966 0.1464968152866242 0.06779661016949153
2 0.7659235668789809 0.13347457627118645 0.03503184713375796 0.1228813559322034
2 0.2484076433121019 0.4724576271186441 0.06369426751592357 0.18220338983050846
2 0.304140127388535 0.5911016949152542 0.0732484076433121 0.0635593220338983
2 0.39012738853503187 0.6504237288135594 0.09872611464968153 0.08050847457627118
2 0.6799363057324841 0.6228813559322034 0.054140127388535034 0.059322033898305086
2 0.7579617834394905 0.4915254237288136 0.050955414012738856 0.1016949152542373
2 0.7898089171974523 0.3199152542372881 0.03184713375796178 0.1906779661016949