1 0.5260416666666666 0.7569444444444444 0.2743055555555556 0.375
0 0.5190972222222222 0.6481481481481481 0.7465277777777778 0.7037037037037037
2 0.3177083333333333 0.9583333333333334 0.059027777777777776 0.08333333333333333
2 0.2725694444444444 0.7546296296296297 0.052083333333333336 0.25925925925925924
2 0.3090277777777778 0.5671296296296297 0.034722222222222224 0.11574074074074074
2 0.3611111111111111 0.49074074074074076 0.04861111111111111 0.07407407407407407
2 0.4618055555555556 0.4027777777777778 0.1597222222222222 0.07407407407407407
2 0.24479166666666666 0.9375 0.03819444444444445 0.125
2 0.8090277777777778 0.5717592592592593 0.06944444444444445 0.19907407407407407
2 0.7482638888888888 0.44212962962962965 0.0798611111111111 0.06944444444444445
2 0.6545138888888888 0.3773148148148148 0.1076388888888889 0.08796296296296297
2 0.3385416666666667 0.4074074074074074 0.059027777777777776 0.06481481481481481
2 0.2534722222222222 0.5509259259259259 0.05555555555555555 0.1111111111111111
2 0.21875 0.7384259259259259 0.034722222222222224 0.20833333333333334