1 0.476027397260274 0.5435779816513762 0.23972602739726026 0.3348623853211009
0 0.4863013698630137 0.555045871559633 0.7191780821917808 0.8899082568807339
2 0.714041095890411 0.31422018348623854 0.05136986301369863 0.16055045871559634
2 0.761986301369863 0.5344036697247706 0.04452054794520548 0.2706422018348624
2 0.7397260273972602 0.7385321100917431 0.08904109589041095 0.12844036697247707
2 0.6763698630136986 0.841743119266055 0.05136986301369863 0.05963302752293578
2 0.2054794520547945 0.658256880733945 0.04794520547945205 0.19724770642201836
2 0.2517123287671233 0.7729357798165137 0.03767123287671233 0.16055045871559634
2 0.1969178082191781 0.45642201834862384 0.04452054794520548 0.12385321100917432
2 0.22773972602739725 0.32798165137614677 0.04452054794520548 0.0963302752293578
2 0.3407534246575342 0.21100917431192662 0.1541095890410959 0.06422018348623854
2 0.4691780821917808 0.8899082568807339 0.3561643835616438 0.11009174311926606