1 0.5033783783783784 0.4346846846846847 0.23648648648648649 0.32882882882882886
0 0.5135135135135135 0.43018018018018017 0.7094594594594594 0.8603603603603603
2 0.7381756756756757 0.6599099099099099 0.05067567567567568 0.15765765765765766
2 0.785472972972973 0.4436936936936937 0.04391891891891892 0.26576576576576577
2 0.7635135135135135 0.24324324324324326 0.08783783783783784 0.12612612612612611
2 0.7010135135135135 0.14189189189189189 0.05067567567567568 0.05855855855855856
2 0.23648648648648649 0.32207207207207206 0.0472972972972973 0.19369369369369369
2 0.28209459459459457 0.20945945945945946 0.037162162162162164 0.15765765765765766
2 0.22804054054054054 0.5202702702702703 0.04391891891891892 0.12162162162162163
2 0.25844594594594594 0.6463963963963963 0.04391891891891892 0.0945945945945946
2 0.36993243243243246 0.7612612612612613 0.15202702702702703 0.06306306306306306
2 0.4966216216216216 0.0945945945945946 0.35135135135135137 0.10810810810810811