1 0.4866666666666667 0.47098214285714285 0.23333333333333334 0.32589285714285715
0 0.4766666666666667 0.45982142857142855 0.7 0.8660714285714286
2 0.255 0.6941964285714286 0.05 0.15625
2 0.20833333333333334 0.4799107142857143 0.043333333333333335 0.26339285714285715
2 0.23 0.28125 0.08666666666666667 0.125
2 0.2916666666666667 0.18080357142857142 0.05 0.05803571428571429
2 0.75 0.359375 0.04666666666666667 0.19196428571428573
2 0.705 0.24776785714285715 0.03666666666666667 0.15625
2 0.7583333333333333 0.5558035714285714 0.043333333333333335 0.12053571428571429
2 0.7283333333333334 0.6808035714285714 0.043333333333333335 0.09375
2 0.6183333333333333 0.7946428571428571 0.15 0.0625
2 0.49333333333333335 0.13392857142857142 0.3466666666666667 0.10714285714285714