1 0.5921875 0.42083333333333334 0.278125 0.36666666666666664
0 0.61875 0.4666666666666667 0.68125 0.7666666666666667
2 0.8515625 0.33125 0.028125 0.09583333333333334
2 0.325 0.3333333333333333 0.025 0.08333333333333333
2 0.359375 0.24166666666666667 0.0375 0.041666666666666664
2 0.3296875 0.4354166666666667 0.021875 0.07083333333333333
2 0.3515625 0.525 0.021875 0.058333333333333334
2 0.3734375 0.61875 0.071875 0.1125
2 0.4296875 0.6979166666666666 0.053125 0.1125
2 0.6078125 0.7770833333333333 0.271875 0.1125
2 0.7765625 0.7125 0.065625 0.10833333333333334
2 0.825 0.6145833333333334 0.05 0.07916666666666666
2 0.8421875 0.5041666666666667 0.040625 0.13333333333333333
2 0.8734375 0.6229166666666667 0.034375 0.07083333333333333
2 0.9046875 0.41458333333333336 0.034375 0.14583333333333334