1 0.4685185185185185 0.6683168316831684 0.3296296296296296 0.43564356435643564
0 0.43703703703703706 0.5792079207920792 0.8074074074074075 0.8415841584158416
2 0.16111111111111112 0.7747524752475248 0.03333333333333333 0.11386138613861387
2 0.7851851851851852 0.7722772277227723 0.02962962962962963 0.09900990099009901
2 0.7444444444444445 0.8811881188118812 0.044444444444444446 0.04950495049504951
2 0.7796296296296297 0.650990099009901 0.025925925925925925 0.08415841584158416
2 0.7537037037037037 0.5445544554455446 0.025925925925925925 0.06930693069306931
2 0.7277777777777777 0.43316831683168316 0.08518518518518518 0.13366336633663367
2 0.6611111111111111 0.33910891089108913 0.06296296296296296 0.13366336633663367
2 0.45 0.24504950495049505 0.32222222222222224 0.13366336633663367
2 0.25 0.3217821782178218 0.07777777777777778 0.12871287128712872
2 0.1925925925925926 0.4381188118811881 0.05925925925925926 0.09405940594059406
2 0.17222222222222222 0.5693069306930693 0.04814814814814815 0.15841584158415842
2 0.13518518518518519 0.4282178217821782 0.040740740740740744 0.08415841584158416
2 0.09814814814814815 0.6757425742574258 0.040740740740740744 0.17326732673267325