1 0.5854838709677419 0.5775862068965517 0.2870967741935484 0.3793103448275862
0 0.6129032258064516 0.5301724137931034 0.7032258064516129 0.7931034482758621
2 0.853225806451613 0.6702586206896551 0.02903225806451613 0.09913793103448276
2 0.3096774193548387 0.6681034482758621 0.025806451612903226 0.08620689655172414
2 0.34516129032258064 0.7629310344827587 0.03870967741935484 0.04310344827586207
2 0.31451612903225806 0.5625 0.02258064516129032 0.07327586206896551
2 0.3370967741935484 0.4698275862068966 0.02258064516129032 0.0603448275862069
2 0.3596774193548387 0.3728448275862069 0.07419354838709677 0.11637931034482758
2 0.41774193548387095 0.29094827586206895 0.054838709677419356 0.11637931034482758
2 0.6016129032258064 0.20905172413793102 0.2806451612903226 0.11637931034482758
2 0.7758064516129032 0.27586206896551724 0.06774193548387097 0.11206896551724138
2 0.8258064516129032 0.3771551724137931 0.05161290322580645 0.08189655172413793
2 0.8435483870967742 0.49137931034482757 0.041935483870967745 0.13793103448275862
2 0.8758064516129033 0.36853448275862066 0.035483870967741936 0.07327586206896551
2 0.9080645161290323 0.584051724137931 0.035483870967741936 0.15086206896551724