1 0.6033333333333334 0.39601769911504425 0.32666666666666666 0.43805309734513276
0 0.6116666666666667 0.4358407079646018 0.6633333333333333 0.7920353982300885
2 0.345 0.37389380530973454 0.03666666666666667 0.22566371681415928
2 0.31333333333333335 0.39601769911504425 0.02 0.16371681415929204
2 0.36333333333333334 0.5442477876106194 0.08 0.10619469026548672
2 0.425 0.6460176991150443 0.09666666666666666 0.08849557522123894
2 0.495 0.672566371681416 0.03666666666666667 0.04424778761061947
2 0.6116666666666667 0.7300884955752213 0.19 0.061946902654867256
2 0.7433333333333333 0.7013274336283186 0.06666666666666667 0.0752212389380531
2 0.795 0.5973451327433629 0.05 0.08849557522123894
2 0.845 0.497787610619469 0.05 0.10176991150442478
2 0.855 0.31194690265486724 0.05 0.252212389380531
2 0.7983333333333333 0.6792035398230089 0.03666666666666667 0.05752212389380531