1 0.7153284671532847 0.5364077669902912 0.35766423357664234 0.48058252427184467
0 0.6806569343065694 0.49271844660194175 0.6386861313868614 0.8689320388349514
2 0.4324817518248175 0.5606796116504854 0.040145985401459854 0.24757281553398058
2 0.3978102189781022 0.5364077669902912 0.021897810218978103 0.1796116504854369
2 0.45255474452554745 0.3737864077669903 0.08759124087591241 0.11650485436893204
2 0.5200729927007299 0.2621359223300971 0.10583941605839416 0.0970873786407767
2 0.5967153284671532 0.23300970873786409 0.040145985401459854 0.04854368932038835
2 0.7244525547445255 0.16990291262135923 0.20802919708029197 0.06796116504854369
2 0.8686131386861314 0.20145631067961164 0.072992700729927 0.0825242718446602
2 0.9251824817518248 0.3155339805825243 0.05474452554744526 0.0970873786407767
2 0.9762773722627737 0.42475728155339804 0.04744525547445255 0.11165048543689321
2 0.9817518248175182 0.6286407766990292 0.0364963503649635 0.2766990291262136
2 0.9288321167883211 0.22572815533980584 0.040145985401459854 0.06310679611650485