1 0.6118421052631579 0.5679824561403509 0.3223684210526316 0.4342105263157895
0 0.6200657894736842 0.5285087719298246 0.6546052631578947 0.7850877192982456
2 0.3569078947368421 0.5899122807017544 0.03618421052631579 0.2236842105263158
2 0.3256578947368421 0.5679824561403509 0.019736842105263157 0.16228070175438597
2 0.375 0.42105263157894735 0.07894736842105263 0.10526315789473684
2 0.43585526315789475 0.3201754385964912 0.09539473684210527 0.08771929824561403
2 0.5049342105263158 0.29385964912280704 0.03618421052631579 0.043859649122807015
2 0.6200657894736842 0.23684210526315788 0.1875 0.06140350877192982
2 0.75 0.26535087719298245 0.06578947368421052 0.07456140350877193
2 0.8009868421052632 0.3684210526315789 0.049342105263157895 0.08771929824561403
2 0.850328947368421 0.46710526315789475 0.049342105263157895 0.10087719298245613
2 0.8601973684210527 0.6513157894736842 0.049342105263157895 0.25
2 0.8042763157894737 0.28728070175438597 0.03618421052631579 0.05701754385964912