1 0.6147260273972602 0.4426605504587156 0.2773972602739726 0.37155963302752293
0 0.601027397260274 0.4954128440366973 0.7157534246575342 0.7339449541284404
2 0.8886986301369864 0.4724770642201835 0.030821917808219176 0.22935779816513763
2 0.8356164383561644 0.6307339449541285 0.0684931506849315 0.17889908256880735
2 0.791095890410959 0.694954128440367 0.02054794520547945 0.0963302752293578
2 0.9041095890410958 0.30963302752293576 0.0273972602739726 0.0871559633027523
2 0.9178082191780822 0.4701834862385321 0.0273972602739726 0.19724770642201836
2 0.6095890410958904 0.7935779816513762 0.3904109589041096 0.08256880733944955
2 0.3955479452054795 0.7041284403669725 0.11986301369863013 0.06880733944954129
2 0.3647260273972603 0.48853211009174313 0.03767123287671233 0.3532110091743119
2 0.3167808219178082 0.48623853211009177 0.05821917808219178 0.3394495412844037