1 0.41774193548387095 0.4504310344827586 0.26129032258064516 0.34913793103448276
0 0.4306451612903226 0.5 0.6741935483870968 0.6896551724137931
2 0.1596774193548387 0.47844827586206895 0.02903225806451613 0.21551724137931033
2 0.20967741935483872 0.6271551724137931 0.06451612903225806 0.16810344827586207
2 0.25161290322580643 0.6875 0.01935483870967742 0.09051724137931035
2 0.14516129032258066 0.3254310344827586 0.025806451612903226 0.08189655172413793
2 0.13225806451612904 0.47629310344827586 0.025806451612903226 0.1853448275862069
2 0.42258064516129035 0.7801724137931034 0.36774193548387096 0.07758620689655173
2 0.6241935483870967 0.6961206896551724 0.11290322580645161 0.06465517241379311
2 0.6532258064516129 0.49353448275862066 0.035483870967741936 0.33189655172413796
2 0.6983870967741935 0.49137931034482757 0.054838709677419356 0.31896551724137934