1 0.6415441176470589 0.4583333333333333 0.2977941176470588 0.39705882352941174
0 0.6213235294117647 0.5147058823529411 0.7573529411764706 0.7843137254901961
2 0.9356617647058824 0.49019607843137253 0.03308823529411765 0.24509803921568626
2 0.8786764705882353 0.6593137254901961 0.07352941176470588 0.19117647058823528
2 0.8308823529411765 0.7279411764705882 0.022058823529411766 0.10294117647058823
2 0.9522058823529411 0.3161764705882353 0.029411764705882353 0.09313725490196079
2 0.9669117647058824 0.4877450980392157 0.029411764705882353 0.2107843137254902
2 0.6360294117647058 0.8333333333333334 0.41911764705882354 0.08823529411764706
2 0.40625 0.7377450980392157 0.12867647058823528 0.07352941176470588
2 0.37316176470588236 0.5073529411764706 0.04044117647058824 0.37745098039215685
2 0.32169117647058826 0.5049019607843137 0.0625 0.3627450980392157