1 0.5629032258064516 0.4676724137931034 0.35161290322580646 0.47844827586206895
0 0.5661290322580645 0.5474137931034483 0.7322580645161291 0.7672413793103449
2 0.2838709677419355 0.3297413793103448 0.05161290322580645 0.16810344827586207
2 0.2564516129032258 0.44612068965517243 0.02258064516129032 0.03879310344827586
2 0.2725806451612903 0.5517241379310345 0.02903225806451613 0.10344827586206896
2 0.3209677419354839 0.7004310344827587 0.07419354838709677 0.11637931034482758
2 0.42258064516129035 0.8211206896551724 0.12903225806451613 0.1336206896551724
2 0.5935483870967742 0.8728448275862069 0.21935483870967742 0.07327586206896551
2 0.7435483870967742 0.7952586206896551 0.08709677419354839 0.08189655172413793
2 0.8112903225806452 0.7133620689655172 0.06129032258064516 0.08189655172413793
2 0.8483870967741935 0.4870689655172414 0.05161290322580645 0.3706896551724138
2 0.8290322580645161 0.25646551724137934 0.07741935483870968 0.09051724137931035