1 0.4461805555555556 0.5578703703703703 0.3784722222222222 0.5138888888888888
0 0.4427083333333333 0.4722222222222222 0.7881944444444444 0.8240740740740741
2 0.7465277777777778 0.7060185185185185 0.05555555555555555 0.18055555555555555
2 0.7760416666666666 0.5810185185185185 0.024305555555555556 0.041666666666666664
2 0.7586805555555556 0.4675925925925926 0.03125 0.1111111111111111
2 0.7065972222222222 0.30787037037037035 0.0798611111111111 0.125
2 0.5972222222222222 0.17824074074074073 0.1388888888888889 0.14351851851851852
2 0.4131944444444444 0.12268518518518519 0.2361111111111111 0.0787037037037037
2 0.2517361111111111 0.20601851851851852 0.09375 0.08796296296296297
2 0.17881944444444445 0.29398148148148145 0.06597222222222222 0.08796296296296297
2 0.1388888888888889 0.5370370370370371 0.05555555555555555 0.39814814814814814
2 0.1597222222222222 0.7847222222222222 0.08333333333333333 0.09722222222222222