1 0.43709677419354837 0.46336206896551724 0.35161290322580646 0.47844827586206895
0 0.4338709677419355 0.5431034482758621 0.7322580645161291 0.7672413793103449
2 0.7161290322580646 0.3254310344827586 0.05161290322580645 0.16810344827586207
2 0.7435483870967742 0.4418103448275862 0.02258064516129032 0.03879310344827586
2 0.7274193548387097 0.5474137931034483 0.02903225806451613 0.10344827586206896
2 0.6790322580645162 0.6961206896551724 0.07419354838709677 0.11637931034482758
2 0.5774193548387097 0.8168103448275862 0.12903225806451613 0.1336206896551724
2 0.4064516129032258 0.8685344827586207 0.21935483870967742 0.07327586206896551
2 0.2564516129032258 0.790948275862069 0.08709677419354839 0.08189655172413793
2 0.18870967741935485 0.709051724137931 0.06129032258064516 0.08189655172413793
2 0.15161290322580645 0.4827586206896552 0.05161290322580645 0.3706896551724138
2 0.17096774193548386 0.2521551724137931 0.07741935483870968 0.09051724137931035