1 0.45569620253164556 0.3432203389830508 0.22151898734177214 0.3050847457627119
0 0.4651898734177215 0.4343220338983051 0.6518987341772152 0.6652542372881356
2 0.6819620253164557 0.3008474576271186 0.03481012658227848 0.2542372881355932
2 0.7199367088607594 0.3220338983050847 0.03481012658227848 0.23728813559322035
2 0.24050632911392406 0.4449152542372881 0.04430379746835443 0.1016949152542373
2 0.25949367088607594 0.5466101694915254 0.0949367088607595 0.0847457627118644
2 0.3338607594936709 0.6101694915254238 0.04746835443037975 0.11016949152542373
2 0.47151898734177217 0.6673728813559322 0.22151898734177214 0.08898305084745763
2 0.6107594936708861 0.635593220338983 0.056962025316455694 0.09322033898305085
2 0.6550632911392406 0.5932203389830508 0.04430379746835443 0.11864406779661017
2 0.7056962025316456 0.4851694915254237 0.08860759493670886 0.09745762711864407