1 0.5173611111111112 0.3611111111111111 0.24305555555555555 0.3333333333333333
0 0.5069444444444444 0.46064814814814814 0.7152777777777778 0.7268518518518519
2 0.2690972222222222 0.3148148148148148 0.03819444444444445 0.2777777777777778
2 0.22743055555555555 0.33796296296296297 0.03819444444444445 0.25925925925925924
2 0.7534722222222222 0.4722222222222222 0.04861111111111111 0.1111111111111111
2 0.7326388888888888 0.5833333333333334 0.10416666666666667 0.09259259259259259
2 0.6510416666666666 0.6527777777777778 0.052083333333333336 0.12037037037037036
2 0.5 0.7152777777777778 0.24305555555555555 0.09722222222222222
2 0.3472222222222222 0.6805555555555556 0.0625 0.10185185185185185
2 0.2986111111111111 0.6342592592592593 0.04861111111111111 0.12962962962962962
2 0.24305555555555555 0.5162037037037037 0.09722222222222222 0.10648148148148148