1 0.4035714285714286 0.3619047619047619 0.25 0.34285714285714286
0 0.4142857142857143 0.4642857142857143 0.7357142857142858 0.7476190476190476
2 0.6589285714285714 0.3142857142857143 0.039285714285714285 0.2857142857142857
2 0.7017857142857142 0.3380952380952381 0.039285714285714285 0.26666666666666666
2 0.16071428571428573 0.47619047619047616 0.05 0.11428571428571428
2 0.18214285714285713 0.5904761904761905 0.10714285714285714 0.09523809523809523
2 0.26607142857142857 0.6619047619047619 0.05357142857142857 0.12380952380952381
2 0.42142857142857143 0.7261904761904762 0.25 0.1
2 0.5785714285714286 0.6904761904761905 0.06428571428571428 0.10476190476190476
2 0.6285714285714286 0.6428571428571429 0.05 0.13333333333333333
2 0.6857142857142857 0.5214285714285715 0.1 0.10952380952380952