1 0.4383561643835616 0.6123853211009175 0.3287671232876712 0.43577981651376146
0 0.4383561643835616 0.5573394495412844 0.7123287671232876 0.8853211009174312
2 0.21746575342465754 0.8922018348623854 0.08561643835616438 0.14220183486238533
2 0.1386986301369863 0.694954128440367 0.06506849315068493 0.25229357798165136
2 0.16095890410958905 0.481651376146789 0.04794520547945205 0.1559633027522936
2 0.3972602739726027 0.9839449541284404 0.2808219178082192 0.03211009174311927
2 0.7431506849315068 0.5642201834862385 0.0410958904109589 0.27522935779816515
2 0.6232876712328768 0.3073394495412844 0.0684931506849315 0.05504587155963303
2 0.7071917808219178 0.7844036697247706 0.04452054794520548 0.1559633027522936
2 0.6352739726027398 0.9128440366972477 0.07191780821917808 0.07339449541284404
2 0.4554794520547945 0.21788990825688073 0.3150684931506849 0.0871559633027523
2 0.2688356164383562 0.26376146788990823 0.05136986301369863 0.0871559633027523
2 0.1969178082191781 0.32339449541284404 0.06506849315068493 0.10550458715596331