1 0.5548387096774193 0.42887931034482757 0.3096774193548387 0.40948275862068967
0 0.5548387096774193 0.45905172413793105 0.6709677419354839 0.875
2 0.7629032258064516 0.16594827586206898 0.08064516129032258 0.1336206896551724
2 0.8370967741935483 0.35129310344827586 0.06129032258064516 0.23706896551724138
2 0.8161290322580645 0.5517241379310345 0.04516129032258064 0.14655172413793102
2 0.5935483870967742 0.0668103448275862 0.2645161290322581 0.05603448275862069
2 0.267741935483871 0.47413793103448276 0.03870967741935484 0.25862068965517243
2 0.38064516129032255 0.7155172413793104 0.06451612903225806 0.05172413793103448
2 0.3016129032258065 0.2672413793103448 0.041935483870967745 0.14655172413793102
2 0.36935483870967745 0.14655172413793102 0.06774193548387097 0.06896551724137931
2 0.5387096774193548 0.7995689655172413 0.2967741935483871 0.08189655172413793
2 0.714516129032258 0.7564655172413793 0.04838709677419355 0.08189655172413793
2 0.782258064516129 0.7004310344827587 0.06129032258064516 0.09913793103448276