1 0.5719424460431655 0.44471153846153844 0.34532374100719426 0.4567307692307692
0 0.5719424460431655 0.4831730769230769 0.7482014388489209 0.9663461538461539
2 0.8039568345323741 0.15144230769230768 0.08992805755395683 0.14903846153846154
2 0.8866906474820144 0.3581730769230769 0.0683453237410072 0.2644230769230769
2 0.8633093525179856 0.5817307692307693 0.050359712230215826 0.16346153846153846
2 0.6151079136690647 0.040865384615384616 0.2949640287769784 0.0625
2 0.2517985611510791 0.4951923076923077 0.04316546762589928 0.28846153846153844
2 0.3776978417266187 0.7644230769230769 0.07194244604316546 0.057692307692307696
2 0.289568345323741 0.2644230769230769 0.046762589928057555 0.16346153846153846
2 0.36510791366906475 0.12980769230769232 0.07553956834532374 0.07692307692307693
2 0.5539568345323741 0.8581730769230769 0.33093525179856115 0.09134615384615384
2 0.75 0.8100961538461539 0.0539568345323741 0.09134615384615384
2 0.8255395683453237 0.7475961538461539 0.0683453237410072 0.11057692307692307