1 0.4306451612903226 0.47198275862068967 0.2870967741935484 0.375
0 0.42258064516129035 0.49353448275862066 0.7096774193548387 0.8663793103448276
2 0.7403225806451613 0.49353448275862066 0.02258064516129032 0.14224137931034483
2 0.15161290322580645 0.3706896551724138 0.025806451612903226 0.13793103448275862
2 0.12258064516129032 0.3426724137931034 0.03225806451612903 0.1336206896551724
2 0.10806451612903226 0.46551724137931033 0.035483870967741936 0.10344827586206896
2 0.13064516129032258 0.603448275862069 0.02903225806451613 0.12931034482758622
2 0.17903225806451614 0.7133620689655172 0.06129032258064516 0.07327586206896551
2 0.22903225806451613 0.8081896551724138 0.09032258064516129 0.08189655172413793
2 0.33548387096774196 0.8448275862068966 0.0967741935483871 0.0603448275862069
2 0.6532258064516129 0.7370689655172413 0.04838709677419355 0.0603448275862069