1 0.4315286624203822 0.4894067796610169 0.28343949044585987 0.3686440677966102
0 0.42356687898089174 0.510593220338983 0.7006369426751592 0.8516949152542372
2 0.7372611464968153 0.510593220338983 0.022292993630573247 0.13983050847457626
2 0.15605095541401273 0.3898305084745763 0.025477707006369428 0.13559322033898305
2 0.12738853503184713 0.3622881355932203 0.03184713375796178 0.13135593220338984
2 0.11305732484076433 0.4830508474576271 0.03503184713375796 0.1016949152542373
2 0.13535031847133758 0.6186440677966102 0.028662420382165606 0.1271186440677966
2 0.18312101910828024 0.7266949152542372 0.06050955414012739 0.07203389830508475
2 0.23248407643312102 0.8199152542372882 0.08917197452229299 0.08050847457627118
2 0.3375796178343949 0.8559322033898306 0.09554140127388536 0.059322033898305086
2 0.6512738853503185 0.75 0.04777070063694268 0.059322033898305086