1 0.5589285714285714 0.55 0.31785714285714284 0.4142857142857143
0 0.5678571428571428 0.5238095238095238 0.7857142857142857 0.9523809523809523
2 0.21607142857142858 0.5261904761904762 0.025 0.15714285714285714
2 0.8678571428571429 0.6619047619047619 0.02857142857142857 0.1523809523809524
2 0.9 0.6928571428571428 0.03571428571428571 0.14761904761904762
2 0.9160714285714285 0.5571428571428572 0.039285714285714285 0.11428571428571428
2 0.8910714285714286 0.40476190476190477 0.03214285714285714 0.14285714285714285
2 0.8375 0.2833333333333333 0.06785714285714285 0.08095238095238096
2 0.7821428571428571 0.17857142857142858 0.1 0.09047619047619047
2 0.6642857142857143 0.1380952380952381 0.10714285714285714 0.06666666666666667
2 0.3125 0.2571428571428571 0.05357142857142857 0.06666666666666667