1 0.41911764705882354 0.5906862745098039 0.3382352941176471 0.4362745098039216
0 0.4430147058823529 0.5465686274509803 0.7610294117647058 0.8970588235294118
2 0.41911764705882354 0.21568627450980393 0.34558823529411764 0.08823529411764706
2 0.12867647058823528 0.5269607843137255 0.07352941176470588 0.31862745098039214
2 0.19669117647058823 0.3480392156862745 0.04779411764705882 0.09803921568627451
2 0.12316176470588236 0.7426470588235294 0.03308823529411765 0.08333333333333333
2 0.15992647058823528 0.821078431372549 0.03308823529411765 0.06372549019607843
2 0.7113970588235294 0.6887254901960784 0.04779411764705882 0.14215686274509803
2 0.7518382352941176 0.5563725490196079 0.04044117647058824 0.11274509803921569
2 0.6875 0.34068627450980393 0.07352941176470588 0.09313725490196079
2 0.6286764705882353 0.24754901960784315 0.08088235294117647 0.10294117647058823
2 0.21323529411764705 0.25 0.058823529411764705 0.09803921568627451