1 0.44 0.6349557522123894 0.30666666666666664 0.3938053097345133
0 0.46166666666666667 0.5951327433628318 0.69 0.8097345132743363
2 0.44 0.29646017699115046 0.31333333333333335 0.07964601769911504
2 0.17666666666666667 0.577433628318584 0.06666666666666667 0.28761061946902655
2 0.23833333333333334 0.415929203539823 0.043333333333333335 0.08849557522123894
2 0.17166666666666666 0.7721238938053098 0.03 0.0752212389380531
2 0.205 0.8429203539823009 0.03 0.05752212389380531
2 0.705 0.7234513274336283 0.043333333333333335 0.12831858407079647
2 0.7416666666666667 0.6039823008849557 0.03666666666666667 0.10176991150442478
2 0.6833333333333333 0.4092920353982301 0.06666666666666667 0.084070796460177
2 0.63 0.3252212389380531 0.07333333333333333 0.09292035398230089
2 0.25333333333333335 0.3274336283185841 0.05333333333333334 0.08849557522123894