1 0.532608695652174 0.5898058252427184 0.3333333333333333 0.4320388349514563
0 0.5561594202898551 0.5461165048543689 0.75 0.8883495145631068
2 0.532608695652174 0.21844660194174756 0.34057971014492755 0.08737864077669903
2 0.2463768115942029 0.5266990291262136 0.07246376811594203 0.3155339805825243
2 0.3134057971014493 0.34951456310679613 0.04710144927536232 0.0970873786407767
2 0.24094202898550723 0.7402912621359223 0.03260869565217391 0.0825242718446602
2 0.27717391304347827 0.8179611650485437 0.03260869565217391 0.06310679611650485
2 0.8206521739130435 0.6868932038834952 0.04710144927536232 0.1407766990291262
2 0.8605072463768116 0.5558252427184466 0.03985507246376811 0.11165048543689321
2 0.7971014492753623 0.3422330097087379 0.07246376811594203 0.09223300970873786
2 0.7391304347826086 0.25 0.07971014492753623 0.10194174757281553
2 0.32971014492753625 0.2524271844660194 0.057971014492753624 0.0970873786407767