1 0.5177419354838709 0.3879310344827586 0.34516129032258064 0.4396551724137931
0 0.5274193548387097 0.4224137931034483 0.667741935483871 0.7931034482758621
2 0.532258064516129 0.7047413793103449 0.3032258064516129 0.11637931034482758
2 0.7467741935483871 0.5603448275862069 0.07419354838709677 0.16379310344827586
2 0.7758064516129032 0.43103448275862066 0.054838709677419356 0.07758620689655173
2 0.75 0.15948275862068967 0.11290322580645161 0.1724137931034483
2 0.6645161290322581 0.0625 0.06451612903225806 0.03017241379310345
2 0.4112903225806452 0.0668103448275862 0.1064516129032258 0.05603448275862069
2 0.3209677419354839 0.1336206896551724 0.06129032258064516 0.08620689655172414
2 0.29354838709677417 0.5689655172413793 0.07096774193548387 0.11206896551724138
2 0.3548387096774194 0.6594827586206896 0.04516129032258064 0.08620689655172414