1 0.5413907284768212 0.3938053097345133 0.3543046357615894 0.45132743362831856
0 0.5513245033112583 0.42920353982300885 0.6854304635761589 0.8141592920353983
2 0.5562913907284768 0.7190265486725663 0.31125827814569534 0.11946902654867257
2 0.7764900662251656 0.5707964601769911 0.076158940397351 0.168141592920354
2 0.8062913907284768 0.43805309734513276 0.056291390728476824 0.07964601769911504
2 0.7798013245033113 0.1592920353982301 0.11589403973509933 0.17699115044247787
2 0.6920529801324503 0.059734513274336286 0.06622516556291391 0.030973451327433628
2 0.43211920529801323 0.06415929203539823 0.10927152317880795 0.05752212389380531
2 0.3394039735099338 0.13274336283185842 0.06291390728476821 0.08849557522123894
2 0.31125827814569534 0.5796460176991151 0.0728476821192053 0.11504424778761062
2 0.3741721854304636 0.672566371681416 0.046357615894039736 0.08849557522123894