1 0.4427083333333333 0.3611111111111111 0.3715277777777778 0.4722222222222222
0 0.4322916666666667 0.41203703703703703 0.71875 0.8240740740740741
2 0.4270833333333333 0.7013888888888888 0.3263888888888889 0.125
2 0.19618055555555555 0.5462962962962963 0.0798611111111111 0.17592592592592593
2 0.16493055555555555 0.4074074074074074 0.059027777777777776 0.08333333333333333
2 0.19270833333333334 0.11574074074074074 0.12152777777777778 0.18518518518518517
2 0.2847222222222222 0.013888888888888888 0.06944444444444445 0.027777777777777776
2 0.5572916666666666 0.023148148148148147 0.11458333333333333 0.046296296296296294
2 0.6545138888888888 0.08796296296296297 0.06597222222222222 0.09259259259259259
2 0.6840277777777778 0.5555555555555556 0.0763888888888889 0.12037037037037036
2 0.6180555555555556 0.6527777777777778 0.04861111111111111 0.09259259259259259