1 0.3993055555555556 0.44675925925925924 0.2847222222222222 0.41203703703703703
0 0.3767361111111111 0.4305555555555556 0.7118055555555556 0.8611111111111112
2 0.0798611111111111 0.44212962962962965 0.0763888888888889 0.39351851851851855
2 0.140625 0.17592592592592593 0.07291666666666667 0.1388888888888889
2 0.3958333333333333 0.07175925925925926 0.3055555555555556 0.09722222222222222
2 0.6684027777777778 0.3958333333333333 0.0798611111111111 0.3472222222222222
2 0.5815972222222222 0.1736111111111111 0.06597222222222222 0.06018518518518518
2 0.6076388888888888 0.6851851851851852 0.11805555555555555 0.09259259259259259
2 0.4618055555555556 0.7708333333333334 0.25 0.06018518518518518
2 0.24305555555555555 0.7800925925925926 0.14583333333333334 0.06018518518518518
2 0.1232638888888889 0.6967592592592593 0.06597222222222222 0.08796296296296297
2 0.2204861111111111 0.125 0.07291666666666667 0.17592592592592593