1 0.5534591194968553 0.4642857142857143 0.2578616352201258 0.3739495798319328
0 0.5738993710691824 0.4474789915966387 0.6446540880503144 0.7857142857142857
2 0.8427672955974843 0.46008403361344535 0.06918238993710692 0.35714285714285715
2 0.7877358490566038 0.2184873949579832 0.0660377358490566 0.12605042016806722
2 0.5566037735849056 0.12394957983193278 0.27672955974842767 0.08823529411764706
2 0.30974842767295596 0.4180672268907563 0.07232704402515723 0.31512605042016806
2 0.38836477987421386 0.21638655462184875 0.059748427672955975 0.0546218487394958
2 0.36477987421383645 0.680672268907563 0.1069182389937107 0.08403361344537816
2 0.4968553459119497 0.7584033613445378 0.22641509433962265 0.0546218487394958
2 0.6949685534591195 0.7668067226890757 0.1320754716981132 0.0546218487394958
2 0.8034591194968553 0.6911764705882353 0.059748427672955975 0.07983193277310924
2 0.7154088050314465 0.1722689075630252 0.0660377358490566 0.15966386554621848