1 0.6115107913669064 0.45913461538461536 0.2949640287769784 0.42788461538461536
0 0.6330935251798561 0.44471153846153844 0.7338129496402878 0.8894230769230769
2 0.9424460431654677 0.4543269230769231 0.07913669064748201 0.40865384615384615
2 0.8794964028776978 0.1778846153846154 0.07553956834532374 0.14423076923076922
2 0.6151079136690647 0.06971153846153846 0.31654676258992803 0.10096153846153846
2 0.3327338129496403 0.40625 0.08273381294964029 0.3605769230769231
2 0.4226618705035971 0.17548076923076922 0.0683453237410072 0.0625
2 0.39568345323741005 0.7067307692307693 0.1223021582733813 0.09615384615384616
2 0.5467625899280576 0.7956730769230769 0.2589928057553957 0.0625
2 0.7733812949640287 0.8052884615384616 0.1510791366906475 0.0625
2 0.8974820143884892 0.71875 0.0683453237410072 0.09134615384615384
2 0.7967625899280576 0.125 0.07553956834532374 0.18269230769230768