1 0.5407801418439716 0.4976190476190476 0.25177304964539005 0.3380952380952381
0 0.5620567375886525 0.47619047619047616 0.7411347517730497 0.9523809523809523
2 0.8351063829787234 0.6547619047619048 0.07446808510638298 0.15714285714285714
2 0.8599290780141844 0.43333333333333335 0.03900709219858156 0.2
2 0.8226950354609929 0.24761904761904763 0.0425531914893617 0.10476190476190476
2 0.4645390070921986 0.8761904761904762 0.07092198581560284 0.05714285714285714
2 0.25 0.45476190476190476 0.03900709219858156 0.20476190476190476
2 0.274822695035461 0.31666666666666665 0.024822695035460994 0.06190476190476191
2 0.324468085106383 0.20714285714285716 0.0673758865248227 0.1
2 0.4166666666666667 0.10952380952380952 0.1099290780141844 0.08571428571428572
2 0.5620567375886525 0.05 0.16666666666666666 0.06190476190476191
2 0.6808510638297872 0.10714285714285714 0.05673758865248227 0.1