1 0.5617088607594937 0.5529661016949152 0.22468354430379747 0.3008474576271186
0 0.5806962025316456 0.5254237288135594 0.6613924050632911 0.864406779661017
2 0.8243670886075949 0.6927966101694916 0.06645569620253164 0.13983050847457626
2 0.8465189873417721 0.4957627118644068 0.03481012658227848 0.17796610169491525
2 0.8132911392405063 0.3305084745762712 0.0379746835443038 0.09322033898305085
2 0.4936708860759494 0.8898305084745762 0.06329113924050633 0.05084745762711865
2 0.3022151898734177 0.5148305084745762 0.03481012658227848 0.18220338983050846
2 0.32436708860759494 0.3919491525423729 0.022151898734177215 0.05508474576271186
2 0.3686708860759494 0.2944915254237288 0.060126582278481014 0.08898305084745763
2 0.4509493670886076 0.2076271186440678 0.0981012658227848 0.07627118644067797
2 0.5806962025316456 0.15466101694915255 0.14873417721518986 0.05508474576271186
2 0.6867088607594937 0.2055084745762712 0.05063291139240506 0.08898305084745763