1 0.564873417721519 0.5529661016949152 0.22468354430379747 0.3008474576271186
0 0.5838607594936709 0.5254237288135594 0.6613924050632911 0.864406779661017
2 0.8275316455696202 0.6927966101694916 0.06645569620253164 0.13983050847457626
2 0.8496835443037974 0.4957627118644068 0.03481012658227848 0.17796610169491525
2 0.8164556962025317 0.3305084745762712 0.0379746835443038 0.09322033898305085
2 0.49683544303797467 0.8898305084745762 0.06329113924050633 0.05084745762711865
2 0.30537974683544306 0.5148305084745762 0.03481012658227848 0.18220338983050846
2 0.3275316455696203 0.3919491525423729 0.022151898734177215 0.05508474576271186
2 0.37183544303797467 0.2944915254237288 0.060126582278481014 0.08898305084745763
2 0.4541139240506329 0.2076271186440678 0.0981012658227848 0.07627118644067797
2 0.5838607594936709 0.15466101694915255 0.14873417721518986 0.05508474576271186
2 0.689873417721519 0.2055084745762712 0.05063291139240506 0.08898305084745763