1 0.49094202898550726 0.5800970873786407 0.3442028985507246 0.441747572815534
0 0.4746376811594203 0.5242718446601942 0.7898550724637681 0.9514563106796117
2 0.8115942028985508 0.5509708737864077 0.036231884057971016 0.18932038834951456
2 0.7717391304347826 0.3932038834951456 0.050724637681159424 0.11650485436893204
2 0.7137681159420289 0.26941747572815533 0.09420289855072464 0.12135922330097088
2 0.41304347826086957 0.14563106796116504 0.13043478260869565 0.05825242718446602
2 0.3079710144927536 0.1796116504854369 0.07971014492753623 0.10679611650485436
2 0.23731884057971014 0.25728155339805825 0.04710144927536232 0.07766990291262135
2 0.18840579710144928 0.3446601941747573 0.043478260869565216 0.10679611650485436
2 0.13768115942028986 0.5825242718446602 0.06521739130434782 0.27184466019417475
2 0.32065217391304346 0.9854368932038835 0.06884057971014493 0.02912621359223301
2 0.7010869565217391 0.9053398058252428 0.06159420289855073 0.07281553398058252
2 0.769927536231884 0.837378640776699 0.03260869565217391 0.09223300970873786