1 0.4811643835616438 0.4426605504587156 0.3253424657534247 0.41743119266055045
0 0.4657534246575342 0.4724770642201835 0.7465753424657534 0.944954128440367
2 0.7842465753424658 0.4701834862385321 0.03424657534246575 0.17889908256880735
2 0.7465753424657534 0.6192660550458715 0.04794520547945205 0.11009174311926606
2 0.6917808219178082 0.7362385321100917 0.08904109589041095 0.11467889908256881
2 0.4075342465753425 0.8532110091743119 0.1232876712328767 0.05504587155963303
2 0.3082191780821918 0.8211009174311926 0.07534246575342465 0.10091743119266056
2 0.24143835616438356 0.7477064220183486 0.04452054794520548 0.07339449541284404
2 0.1952054794520548 0.6651376146788991 0.0410958904109589 0.10091743119266056
2 0.14726027397260275 0.44036697247706424 0.06164383561643835 0.25688073394495414
2 0.3202054794520548 0.0481651376146789 0.06506849315068493 0.05045871559633028
2 0.6797945205479452 0.1353211009174312 0.05821917808219178 0.06880733944954129
2 0.7448630136986302 0.19954128440366972 0.030821917808219176 0.0871559633027523