1 0.4982014388489209 0.35336538461538464 0.34172661870503596 0.4375
0 0.5143884892086331 0.43990384615384615 0.7841726618705036 0.8798076923076923
2 0.17985611510791366 0.38221153846153844 0.03597122302158273 0.1875
2 0.21942446043165467 0.5384615384615384 0.050359712230215826 0.11538461538461539
2 0.27697841726618705 0.6610576923076923 0.09352517985611511 0.1201923076923077
2 0.5755395683453237 0.7836538461538461 0.12949640287769784 0.057692307692307696
2 0.6798561151079137 0.75 0.07913669064748201 0.10576923076923077
2 0.75 0.6730769230769231 0.046762589928057555 0.07692307692307693
2 0.7985611510791367 0.5865384615384616 0.04316546762589928 0.10576923076923077
2 0.8489208633093526 0.35096153846153844 0.06474820143884892 0.2692307692307692
2 0.289568345323741 0.03365384615384615 0.06115107913669065 0.0673076923076923
2 0.22122302158273383 0.0985576923076923 0.03237410071942446 0.09134615384615384