1 0.3888888888888889 0.5023148148148148 0.2222222222222222 0.3194444444444444
0 0.4010416666666667 0.4513888888888889 0.7048611111111112 0.8009259259259259
2 0.10416666666666667 0.5393518518518519 0.034722222222222224 0.18055555555555555
2 0.10243055555555555 0.4097222222222222 0.017361111111111112 0.06944444444444445
2 0.1579861111111111 0.2986111111111111 0.07291666666666667 0.10648148148148148
2 0.3993055555555556 0.11342592592592593 0.2569444444444444 0.06944444444444445
2 0.2361111111111111 0.16898148148148148 0.09722222222222222 0.14351851851851852
2 0.5520833333333334 0.16203703703703703 0.08333333333333333 0.12962962962962962
2 0.6232638888888888 0.19444444444444445 0.059027777777777776 0.1388888888888889
2 0.6684027777777778 0.32407407407407407 0.06597222222222222 0.1111111111111111
2 0.6961805555555556 0.42824074074074076 0.04513888888888889 0.10648148148148148
2 0.6753472222222222 0.7129629629629629 0.052083333333333336 0.1111111111111111
2 0.3350694444444444 0.8171296296296297 0.23958333333333334 0.05092592592592592