1 0.5905797101449275 0.42475728155339804 0.2318840579710145 0.33495145631067963
0 0.5778985507246377 0.47815533980582525 0.7355072463768116 0.8398058252427184
2 0.8876811594202898 0.3859223300970874 0.036231884057971016 0.18932038834951456
2 0.8894927536231884 0.5218446601941747 0.018115942028985508 0.07281553398058252
2 0.8315217391304348 0.6383495145631068 0.07608695652173914 0.11165048543689321
2 0.5797101449275363 0.8325242718446602 0.26811594202898553 0.07281553398058252
2 0.75 0.7742718446601942 0.10144927536231885 0.15048543689320387
2 0.42028985507246375 0.7815533980582524 0.08695652173913043 0.13592233009708737
2 0.34601449275362317 0.7475728155339806 0.06159420289855073 0.14563106796116504
2 0.29891304347826086 0.6116504854368932 0.06884057971014493 0.11650485436893204
2 0.26992753623188404 0.5024271844660194 0.04710144927536232 0.11165048543689321
2 0.2916666666666667 0.20388349514563106 0.05434782608695652 0.11650485436893204
2 0.6467391304347826 0.09466019417475728 0.25 0.05339805825242718