1 0.5827338129496403 0.5552884615384616 0.2302158273381295 0.3317307692307692
0 0.5701438848920863 0.5024038461538461 0.7302158273381295 0.8317307692307693
2 0.8776978417266187 0.59375 0.03597122302158273 0.1875
2 0.8794964028776978 0.45913461538461536 0.017985611510791366 0.07211538461538461
2 0.8219424460431655 0.34375 0.07553956834532374 0.11057692307692307
2 0.5719424460431655 0.15144230769230768 0.26618705035971224 0.07211538461538461
2 0.7410071942446043 0.2091346153846154 0.10071942446043165 0.14903846153846154
2 0.4136690647482014 0.20192307692307693 0.08633093525179857 0.1346153846153846
2 0.33992805755395683 0.23557692307692307 0.06115107913669065 0.14423076923076922
2 0.2931654676258993 0.3701923076923077 0.0683453237410072 0.11538461538461539
2 0.2643884892086331 0.47836538461538464 0.046762589928057555 0.11057692307692307
2 0.28597122302158273 0.7740384615384616 0.0539568345323741 0.11538461538461539
2 0.6384892086330936 0.8822115384615384 0.24820143884892087 0.052884615384615384