1 0.3717105263157895 0.5021929824561403 0.29605263157894735 0.39035087719298245
0 0.3651315789473684 0.5416666666666666 0.6842105263157895 0.8289473684210527
2 0.6447368421052632 0.3706140350877193 0.03289473684210526 0.09210526315789473
2 0.6513157894736842 0.4868421052631579 0.039473684210526314 0.09649122807017543
2 0.6480263157894737 0.581140350877193 0.013157894736842105 0.07456140350877193
2 0.6233552631578947 0.6842105263157895 0.03618421052631579 0.08771929824561403
2 0.5855263157894737 0.7412280701754386 0.039473684210526314 0.07894736842105263
2 0.5444078947368421 0.8004385964912281 0.0625 0.12719298245614036
2 0.375 0.8837719298245614 0.23684210526315788 0.05701754385964912
2 0.20723684210526316 0.8245614035087719 0.06578947368421052 0.06140350877192982
2 0.09046052631578948 0.4649122807017544 0.05592105263157895 0.17543859649122806
2 0.1118421052631579 0.6271929824561403 0.02631578947368421 0.07017543859649122