1 0.3107142857142857 0.55 0.32142857142857145 0.4238095238095238
0 0.3375 0.5714285714285714 0.675 0.8571428571428571
2 0.6071428571428571 0.40714285714285714 0.03571428571428571 0.1
2 0.6142857142857143 0.5333333333333333 0.04285714285714286 0.10476190476190476
2 0.6107142857142858 0.6357142857142857 0.014285714285714285 0.08095238095238096
2 0.5839285714285715 0.7476190476190476 0.039285714285714285 0.09523809523809523
2 0.5428571428571428 0.8095238095238095 0.04285714285714286 0.08571428571428572
2 0.4982142857142857 0.8738095238095238 0.06785714285714285 0.1380952380952381
2 0.3142857142857143 0.9642857142857143 0.2571428571428571 0.06190476190476191
2 0.13214285714285715 0.9 0.07142857142857142 0.06666666666666667
2 0.017857142857142856 0.5095238095238095 0.03571428571428571 0.19047619047619047
2 0.02857142857142857 0.6857142857142857 0.02857142857142857 0.0761904761904762