1 0.574468085106383 0.5071428571428571 0.3191489361702128 0.4238095238095238
0 0.5815602836879432 0.55 0.7375886524822695 0.9
2 0.2801418439716312 0.36428571428571427 0.03546099290780142 0.1
2 0.2730496453900709 0.49047619047619045 0.0425531914893617 0.10476190476190476
2 0.2765957446808511 0.5928571428571429 0.014184397163120567 0.08095238095238096
2 0.30319148936170215 0.7047619047619048 0.03900709219858156 0.09523809523809523
2 0.34397163120567376 0.7666666666666667 0.0425531914893617 0.08571428571428572
2 0.3882978723404255 0.830952380952381 0.0673758865248227 0.1380952380952381
2 0.5709219858156028 0.9214285714285714 0.2553191489361702 0.06190476190476191
2 0.75177304964539 0.8571428571428571 0.07092198581560284 0.06666666666666667
2 0.8776595744680851 0.4666666666666667 0.06028368794326241 0.19047619047619047
2 0.8546099290780141 0.6428571428571429 0.028368794326241134 0.0761904761904762