1 0.5459183673469388 0.5204545454545455 0.30272108843537415 0.40454545454545454
0 0.5527210884353742 0.4409090909090909 0.6904761904761905 0.7
2 0.7329931972789115 0.2772727272727273 0.03741496598639456 0.06363636363636363
2 0.6785714285714286 0.21363636363636362 0.06462585034013606 0.045454545454545456
2 0.5544217687074829 0.16818181818181818 0.14965986394557823 0.03636363636363636
2 0.2602040816326531 0.5409090909090909 0.04421768707482993 0.23636363636363636
2 0.38945578231292516 0.2590909090909091 0.04421768707482993 0.06363636363636363
2 0.33163265306122447 0.2840909090909091 0.05782312925170068 0.1318181818181818
2 0.8078231292517006 0.31136363636363634 0.04421768707482993 0.09545454545454546
2 0.7534013605442177 0.21363636363636362 0.05782312925170068 0.05454545454545454
2 0.6887755102040817 0.15681818181818183 0.05782312925170068 0.05
2 0.8554421768707483 0.47954545454545455 0.03741496598639456 0.2318181818181818