1 0.5473856209150327 0.4717391304347826 0.2908496732026144 0.3869565217391304
0 0.553921568627451 0.39565217391304347 0.6633986928104575 0.6695652173913044
2 0.7271241830065359 0.2391304347826087 0.03594771241830065 0.06086956521739131
2 0.6748366013071896 0.1782608695652174 0.06209150326797386 0.043478260869565216
2 0.5555555555555556 0.13478260869565217 0.1437908496732026 0.034782608695652174
2 0.272875816993464 0.49130434782608695 0.042483660130718956 0.22608695652173913
2 0.39705882352941174 0.2217391304347826 0.042483660130718956 0.06086956521739131
2 0.3415032679738562 0.24565217391304348 0.05555555555555555 0.12608695652173912
2 0.7990196078431373 0.2717391304347826 0.042483660130718956 0.09130434782608696
2 0.7467320261437909 0.1782608695652174 0.05555555555555555 0.05217391304347826
2 0.684640522875817 0.12391304347826088 0.05555555555555555 0.04782608695652174
2 0.8447712418300654 0.4326086956521739 0.03594771241830065 0.2217391304347826