1 0.5373376623376623 0.4934782608695652 0.288961038961039 0.3869565217391304
0 0.5438311688311688 0.41739130434782606 0.6590909090909091 0.6695652173913044
2 0.7159090909090909 0.2608695652173913 0.03571428571428571 0.06086956521739131
2 0.663961038961039 0.2 0.06168831168831169 0.043478260869565216
2 0.5454545454545454 0.1565217391304348 0.14285714285714285 0.034782608695652174
2 0.26461038961038963 0.5130434782608696 0.04220779220779221 0.22608695652173913
2 0.387987012987013 0.24347826086956523 0.04220779220779221 0.06086956521739131
2 0.3327922077922078 0.2673913043478261 0.05519480519480519 0.12608695652173912
2 0.7873376623376623 0.29347826086956524 0.04220779220779221 0.09130434782608696
2 0.7353896103896104 0.2 0.05519480519480519 0.05217391304347826
2 0.6737012987012987 0.14565217391304347 0.05519480519480519 0.04782608695652174
2 0.8327922077922078 0.4543478260869565 0.03571428571428571 0.2217391304347826