1 0.5449640287769785 0.6658653846153846 0.2841726618705036 0.40865384615384615
0 0.5413669064748201 0.5961538461538461 0.7302158273381295 0.8076923076923077
2 0.31115107913669066 0.8653846153846154 0.06115107913669065 0.15384615384615385
2 0.2841726618705036 0.625 0.03597122302158273 0.3076923076923077
2 0.3345323741007194 0.42788461538461536 0.05755395683453238 0.14423076923076922
2 0.39568345323741005 0.3557692307692308 0.050359712230215826 0.07692307692307693
1 0.4784172661870504 0.2980769230769231 0.07913669064748201 0.057692307692307696
2 0.26798561151079137 0.40865384615384615 0.06115107913669065 0.11538461538461539
2 0.23201438848920863 0.6370192307692307 0.046762589928057555 0.1778846153846154
2 0.24280575539568344 0.8245192307692307 0.0539568345323741 0.1778846153846154
2 0.23381294964028776 0.5096153846153846 0.05755395683453238 0.07692307692307693
2 0.3273381294964029 0.31490384615384615 0.07913669064748201 0.09134615384615384
2 0.39748201438848924 0.27884615384615385 0.06115107913669065 0.08653846153846154