1 0.5048701298701299 0.30217391304347824 0.2564935064935065 0.3695652173913043
0 0.5016233766233766 0.3652173913043478 0.6590909090909091 0.7304347826086957
2 0.29383116883116883 0.12173913043478261 0.05519480519480519 0.1391304347826087
2 0.2694805194805195 0.3391304347826087 0.032467532467532464 0.2782608695652174
2 0.31493506493506496 0.5173913043478261 0.05194805194805195 0.13043478260869565
2 0.37012987012987014 0.5826086956521739 0.045454545454545456 0.06956521739130435
1 0.4448051948051948 0.6347826086956522 0.07142857142857142 0.05217391304347826
2 0.25487012987012986 0.5347826086956522 0.05519480519480519 0.10434782608695652
2 0.2224025974025974 0.3282608695652174 0.04220779220779221 0.1608695652173913
2 0.23214285714285715 0.15869565217391304 0.048701298701298704 0.1608695652173913
2 0.22402597402597402 0.4434782608695652 0.05194805194805195 0.06956521739130435
2 0.30844155844155846 0.6195652173913043 0.07142857142857142 0.08260869565217391
2 0.3717532467532468 0.6521739130434783 0.05519480519480519 0.0782608695652174