1 0.4804964539007092 0.3357142857142857 0.2801418439716312 0.40476190476190477
0 0.48404255319148937 0.40476190476190477 0.7198581560283688 0.8
2 0.7109929078014184 0.1380952380952381 0.06028368794326241 0.1523809523809524
2 0.7375886524822695 0.3761904761904762 0.03546099290780142 0.3047619047619048
2 0.6879432624113475 0.5714285714285714 0.05673758865248227 0.14285714285714285
2 0.6276595744680851 0.6428571428571429 0.04964539007092199 0.0761904761904762
1 0.5460992907801419 0.7 0.07801418439716312 0.05714285714285714
2 0.7535460992907801 0.5904761904761905 0.06028368794326241 0.11428571428571428
2 0.7890070921985816 0.36428571428571427 0.04609929078014184 0.1761904761904762
2 0.7783687943262412 0.17857142857142858 0.05319148936170213 0.1761904761904762
2 0.7872340425531915 0.49047619047619045 0.05673758865248227 0.0761904761904762
2 0.6950354609929078 0.6833333333333333 0.07801418439716312 0.09047619047619047
2 0.625886524822695 0.719047619047619 0.06028368794326241 0.08571428571428572