1 0.5611888111888111 0.4649532710280374 0.26223776223776224 0.35046728971962615
0 0.5681818181818182 0.45093457943925236 0.7447552447552448 0.9018691588785047
2 0.263986013986014 0.45093457943925236 0.045454545454545456 0.3037383177570093
2 0.3129370629370629 0.2219626168224299 0.07342657342657342 0.13551401869158877
2 0.4195804195804196 0.1191588785046729 0.1258741258741259 0.1261682242990654
2 0.5874125874125874 0.07242990654205607 0.21678321678321677 0.07009345794392523
2 0.7342657342657343 0.15186915887850466 0.08391608391608392 0.09813084112149532
2 0.8181818181818182 0.26869158878504673 0.06993006993006994 0.13551401869158877
2 0.8688811188811189 0.4953271028037383 0.024475524475524476 0.1588785046728972
2 0.8234265734265734 0.7102803738317757 0.10139860139860139 0.1308411214953271
2 0.6416083916083916 0.8387850467289719 0.24125874125874125 0.0514018691588785