1 0.4357638888888889 0.5532407407407407 0.2604166666666667 0.3472222222222222
0 0.4288194444444444 0.5601851851851852 0.7395833333333334 0.8796296296296297
2 0.7309027777777778 0.5671296296296297 0.04513888888888889 0.30092592592592593
2 0.6822916666666666 0.7939814814814815 0.07291666666666667 0.13425925925925927
2 0.5763888888888888 0.8958333333333334 0.125 0.125
2 0.4097222222222222 0.9421296296296297 0.2152777777777778 0.06944444444444445
2 0.2638888888888889 0.8634259259259259 0.08333333333333333 0.09722222222222222
2 0.18055555555555555 0.7476851851851852 0.06944444444444445 0.13425925925925927
2 0.13020833333333334 0.5231481481481481 0.024305555555555556 0.1574074074074074
2 0.1753472222222222 0.3101851851851852 0.10069444444444445 0.12962962962962962
2 0.3559027777777778 0.18287037037037038 0.23958333333333334 0.05092592592592592