1 0.42269736842105265 0.5942982456140351 0.24671052631578946 0.32894736842105265
0 0.4161184210526316 0.5921052631578947 0.7006578947368421 0.8157894736842105
2 0.7023026315789473 0.6074561403508771 0.04276315789473684 0.2850877192982456
2 0.65625 0.8223684210526315 0.06907894736842106 0.12719298245614036
2 0.555921052631579 0.918859649122807 0.11842105263157894 0.11842105263157894
2 0.3980263157894737 0.9627192982456141 0.20394736842105263 0.06578947368421052
2 0.2598684210526316 0.8881578947368421 0.07894736842105263 0.09210526315789473
2 0.18092105263157895 0.7785087719298246 0.06578947368421052 0.12719298245614036
2 0.13322368421052633 0.5657894736842105 0.023026315789473683 0.14912280701754385
2 0.17598684210526316 0.36403508771929827 0.09539473684210527 0.12280701754385964
2 0.3470394736842105 0.24342105263157895 0.22697368421052633 0.04824561403508772