1 0.6512738853503185 0.4152542372881356 0.3089171974522293 0.4152542372881356
0 0.6703821656050956 0.451271186440678 0.6592356687898089 0.7415254237288136
2 0.8901273885350318 0.2838983050847458 0.054140127388535034 0.19491525423728814
2 0.4124203821656051 0.4470338983050847 0.041401273885350316 0.25
2 0.37898089171974525 0.4406779661016949 0.03184713375796178 0.2542372881355932
2 0.41878980891719747 0.6101694915254238 0.04777070063694268 0.07627118644067797
2 0.49522292993630573 0.6440677966101694 0.06050955414012739 0.059322033898305086
2 0.5636942675159236 0.7033898305084746 0.07006369426751592 0.0847457627118644
2 0.6815286624203821 0.7351694915254238 0.15286624203821655 0.08050847457627118
2 0.7898089171974523 0.7097457627118644 0.07006369426751592 0.08898305084745763
2 0.8503184713375797 0.565677966101695 0.07643312101910828 0.1652542372881356
2 0.8550955414012739 0.6800847457627118 0.06687898089171974 0.07203389830508475