1 0.35509554140127386 0.5889830508474576 0.3089171974522293 0.4152542372881356
0 0.3359872611464968 0.5529661016949152 0.6592356687898089 0.7415254237288136
2 0.11624203821656051 0.7203389830508474 0.054140127388535034 0.19491525423728814
2 0.5939490445859873 0.5572033898305084 0.041401273885350316 0.25
2 0.6273885350318471 0.5635593220338984 0.03184713375796178 0.2542372881355932
2 0.5875796178343949 0.3940677966101695 0.04777070063694268 0.07627118644067797
2 0.5111464968152867 0.3601694915254237 0.06050955414012739 0.059322033898305086
2 0.4426751592356688 0.3008474576271186 0.07006369426751592 0.0847457627118644
2 0.3248407643312102 0.2690677966101695 0.15286624203821655 0.08050847457627118
2 0.21656050955414013 0.2944915254237288 0.07006369426751592 0.08898305084745763
2 0.15605095541401273 0.4385593220338983 0.07643312101910828 0.1652542372881356
2 0.15127388535031847 0.3241525423728814 0.06687898089171974 0.07203389830508475