1 0.3596774193548387 0.4051724137931034 0.31290322580645163 0.4224137931034483
0 0.3403225806451613 0.4418103448275862 0.667741935483871 0.7543103448275862
2 0.11774193548387096 0.27155172413793105 0.054838709677419356 0.19827586206896552
2 0.6016129032258064 0.4375 0.041935483870967745 0.2543103448275862
2 0.635483870967742 0.43103448275862066 0.03225806451612903 0.25862068965517243
2 0.5951612903225807 0.603448275862069 0.04838709677419355 0.07758620689655173
2 0.5177419354838709 0.6379310344827587 0.06129032258064516 0.0603448275862069
2 0.4483870967741935 0.6982758620689655 0.07096774193548387 0.08620689655172414
2 0.32903225806451614 0.7306034482758621 0.15483870967741936 0.08189655172413793
2 0.21935483870967742 0.7047413793103449 0.07096774193548387 0.09051724137931035
2 0.15806451612903225 0.5581896551724138 0.07741935483870968 0.16810344827586207
2 0.1532258064516129 0.6745689655172413 0.06774193548387097 0.07327586206896551