1 0.4400684931506849 0.31422018348623854 0.25 0.3256880733944954
0 0.4195205479452055 0.4105504587155963 0.7294520547945206 0.7385321100917431
2 0.20034246575342465 0.2775229357798165 0.03767123287671233 0.2981651376146789
2 0.15924657534246575 0.3073394495412844 0.05136986301369863 0.3119266055045872
2 0.2071917808219178 0.5137614678899083 0.05136986301369863 0.1559633027522936
2 0.4297945205479452 0.6284403669724771 0.18835616438356165 0.06422018348623854
2 0.2688356164383562 0.6032110091743119 0.06506849315068493 0.13302752293577982
2 0.4212328767123288 0.6834862385321101 0.2054794520547945 0.05504587155963303
2 0.6421232876712328 0.47477064220183485 0.07876712328767123 0.19724770642201836
2 0.565068493150685 0.6032110091743119 0.0821917808219178 0.13302752293577982
2 0.708904109589041 0.4541284403669725 0.04794520547945205 0.12844036697247707