1 0.5737410071942446 0.7716346153846154 0.26258992805755393 0.34134615384615385
0 0.5953237410071942 0.6418269230769231 0.7661870503597122 0.7163461538461539
2 0.8255395683453237 0.8100961538461539 0.039568345323741004 0.3125
2 0.8687050359712231 0.7788461538461539 0.0539568345323741 0.3269230769230769
2 0.8183453237410072 0.5625 0.0539568345323741 0.16346153846153846
2 0.5845323741007195 0.4423076923076923 0.19784172661870503 0.0673076923076923
2 0.7535971223021583 0.46875 0.0683453237410072 0.13942307692307693
2 0.5935251798561151 0.38461538461538464 0.2158273381294964 0.057692307692307696
2 0.36151079136690645 0.6033653846153846 0.08273381294964029 0.20673076923076922
2 0.44244604316546765 0.46875 0.08633093525179857 0.13942307692307693
2 0.29136690647482016 0.625 0.050359712230215826 0.1346153846153846