1 0.4788961038961039 0.30217391304347824 0.237012987012987 0.30869565217391304
0 0.4594155844155844 0.3934782608695652 0.6915584415584416 0.7
2 0.25162337662337664 0.2673913043478261 0.03571428571428571 0.2826086956521739
2 0.21266233766233766 0.2956521739130435 0.048701298701298704 0.2956521739130435
2 0.25811688311688313 0.49130434782608695 0.048701298701298704 0.14782608695652175
2 0.46915584415584416 0.6 0.17857142857142858 0.06086956521739131
2 0.31655844155844154 0.5760869565217391 0.06168831168831169 0.12608695652173912
2 0.461038961038961 0.6521739130434783 0.19480519480519481 0.05217391304347826
2 0.6704545454545454 0.4543478260869565 0.07467532467532467 0.18695652173913044
2 0.5974025974025974 0.5760869565217391 0.07792207792207792 0.12608695652173912
2 0.7337662337662337 0.43478260869565216 0.045454545454545456 0.12173913043478261