1 0.46855345911949686 0.6008403361344538 0.29559748427672955 0.40336134453781514
0 0.4889937106918239 0.5567226890756303 0.6383647798742138 0.7941176470588235
2 0.48427672955974843 0.2605042016806723 0.27044025157232704 0.058823529411764705
2 0.3050314465408805 0.3445378151260504 0.09433962264150944 0.11764705882352941
2 0.23427672955974843 0.46638655462184875 0.07232704402515723 0.14285714285714285
2 0.20911949685534592 0.657563025210084 0.040880503144654086 0.09663865546218488
2 0.25943396226415094 0.8025210084033614 0.05345911949685535 0.07563025210084033
2 0.6430817610062893 0.3382352941176471 0.059748427672955975 0.08823529411764706
2 0.6933962264150944 0.43907563025210083 0.040880503144654086 0.09663865546218488
2 0.7374213836477987 0.5294117647058824 0.02830188679245283 0.09243697478991597
2 0.7012578616352201 0.8382352941176471 0.050314465408805034 0.08823529411764706
2 0.7515723270440252 0.7352941176470589 0.0440251572327044 0.1092436974789916