1 0.4766666666666667 0.5982142857142857 0.31333333333333335 0.42857142857142855
0 0.49833333333333335 0.5513392857142857 0.6766666666666666 0.84375
2 0.49333333333333335 0.23660714285714285 0.2866666666666667 0.0625
2 0.30333333333333334 0.32589285714285715 0.1 0.125
2 0.22833333333333333 0.45535714285714285 0.07666666666666666 0.15178571428571427
2 0.20166666666666666 0.6584821428571429 0.043333333333333335 0.10267857142857142
2 0.255 0.8125 0.056666666666666664 0.08035714285714286
2 0.6616666666666666 0.31919642857142855 0.06333333333333334 0.09375
2 0.715 0.4263392857142857 0.043333333333333335 0.10267857142857142
2 0.7616666666666667 0.5223214285714286 0.03 0.09821428571428571
2 0.7233333333333334 0.8504464285714286 0.05333333333333334 0.09375
2 0.7766666666666666 0.7410714285714286 0.04666666666666667 0.11607142857142858