1 0.5314465408805031 0.6050420168067226 0.29559748427672955 0.40336134453781514
0 0.5110062893081762 0.5609243697478992 0.6383647798742138 0.7941176470588235
2 0.5157232704402516 0.2647058823529412 0.27044025157232704 0.058823529411764705
2 0.6949685534591195 0.3487394957983193 0.09433962264150944 0.11764705882352941
2 0.7657232704402516 0.47058823529411764 0.07232704402515723 0.14285714285714285
2 0.7908805031446541 0.6617647058823529 0.040880503144654086 0.09663865546218488
2 0.7405660377358491 0.8067226890756303 0.05345911949685535 0.07563025210084033
2 0.35691823899371067 0.34243697478991597 0.059748427672955975 0.08823529411764706
2 0.30660377358490565 0.4432773109243697 0.040880503144654086 0.09663865546218488
2 0.26257861635220126 0.5336134453781513 0.02830188679245283 0.09243697478991597
2 0.29874213836477986 0.842436974789916 0.050314465408805034 0.08823529411764706
2 0.24842767295597484 0.7394957983193278 0.0440251572327044 0.1092436974789916