1 0.465 0.581858407079646 0.2966666666666667 0.3938053097345133
0 0.48 0.5398230088495575 0.7866666666666666 0.9203539823008849
2 0.5933333333333334 0.1747787610619469 0.18 0.12831858407079647
2 0.6966666666666667 0.29867256637168144 0.09333333333333334 0.11061946902654868
2 0.755 0.4004424778761062 0.09666666666666666 0.11061946902654868
2 0.7966666666666666 0.49336283185840707 0.06 0.11946902654867257
2 0.7883333333333333 0.672566371681416 0.043333333333333335 0.08849557522123894
2 0.74 0.8075221238938053 0.06666666666666667 0.17256637168141592
2 0.3983333333333333 0.9734513274336283 0.10333333333333333 0.035398230088495575
2 0.18666666666666668 0.7411504424778761 0.04666666666666667 0.10176991150442478
2 0.19333333333333333 0.3606194690265487 0.04666666666666667 0.084070796460177
2 0.16666666666666666 0.5088495575221239 0.02666666666666667 0.10619469026548672
2 0.17 0.6128318584070797 0.02 0.06637168141592921
2 0.25833333333333336 0.252212389380531 0.07666666666666666 0.08849557522123894
2 0.345 0.19911504424778761 0.07 0.11504424778761062