1 0.5432692307692307 0.4337606837606838 0.28525641025641024 0.3803418803418803
0 0.5288461538461539 0.4594017094017094 0.7564102564102564 0.9188034188034188
2 0.4198717948717949 0.8269230769230769 0.17307692307692307 0.12393162393162394
2 0.32051282051282054 0.7072649572649573 0.08974358974358974 0.10683760683760683
2 0.2644230769230769 0.6089743589743589 0.09294871794871795 0.10683760683760683
2 0.22435897435897437 0.5192307692307693 0.057692307692307696 0.11538461538461539
2 0.23237179487179488 0.34615384615384615 0.041666666666666664 0.08547008547008547
2 0.27884615384615385 0.21581196581196582 0.0641025641025641 0.16666666666666666
2 0.6073717948717948 0.05555555555555555 0.09935897435897435 0.03418803418803419
2 0.8108974358974359 0.2799145299145299 0.04487179487179487 0.09829059829059829
2 0.8044871794871795 0.6474358974358975 0.04487179487179487 0.0811965811965812
2 0.8301282051282052 0.5042735042735043 0.02564102564102564 0.10256410256410256
2 0.8269230769230769 0.40384615384615385 0.019230769230769232 0.0641025641025641
2 0.7419871794871795 0.7521367521367521 0.07371794871794872 0.08547008547008547
2 0.6586538461538461 0.8034188034188035 0.0673076923076923 0.1111111111111111