1 0.4848993288590604 0.5518018018018018 0.2986577181208054 0.4009009009009009
0 0.5 0.5202702702702703 0.7919463087248322 0.9594594594594594
2 0.6140939597315436 0.1373873873873874 0.18120805369127516 0.13063063063063063
2 0.7181208053691275 0.2635135135135135 0.09395973154362416 0.11261261261261261
2 0.7768456375838926 0.36711711711711714 0.09731543624161074 0.11261261261261261
2 0.8187919463087249 0.4617117117117117 0.06040268456375839 0.12162162162162163
2 0.8104026845637584 0.6441441441441441 0.0436241610738255 0.09009009009009009
2 0.761744966442953 0.7815315315315315 0.06711409395973154 0.17567567567567569
2 0.41778523489932884 0.9504504504504504 0.1040268456375839 0.036036036036036036
2 0.20469798657718122 0.713963963963964 0.04697986577181208 0.1036036036036036
2 0.21140939597315436 0.32657657657657657 0.04697986577181208 0.08558558558558559
2 0.18456375838926176 0.4774774774774775 0.026845637583892617 0.10810810810810811
2 0.18791946308724833 0.5833333333333334 0.020134228187919462 0.06756756756756757
2 0.27684563758389263 0.21621621621621623 0.07718120805369127 0.09009009009009009
2 0.3640939597315436 0.16216216216216217 0.07046979865771812 0.11711711711711711